"","price","area","bedrooms","bathrooms","stories","parking","mainrbinary","groombinary","basementbinary","hwaterbinary","acbinary","prefareabinary","poly_priceVarea_predONtest","boost_tune_predONtesting","basemulti_predONtest","logit_bin_predONtest"
"1",13300,7420,4,2,3,2,1,0,0,0,1,1,6042.5897494117,c(7385.4970703125, 8100.744140625, 8270.431640625, 5498.6416015625, 9006.263671875, 8270.431640625, 6620.0009765625, 6182.11083984375, 8270.431640625, 8270.431640625, 8270.431640625, 4868.2470703125, 6130.02587890625, 7272.7060546875, 5044.109375, 6188.60107421875, 6369.54541015625, 6544.189453125, 5464.50390625, 5059.8935546875, 8270.431640625, 4879.142578125, 4507.38671875, 4658.6650390625, 4891.2802734375, 6140.3251953125, 7322.52783203125, 4744.4365234375, 5683.4296875, 4438.51171875, 4043.94067382812, 
4154.4091796875, 5041.33203125, 4033.04516601562, 3458.3359375, 5708.98876953125, 3862.599609375, 3933.03735351562, 3045.12866210938, 4043.94067382812, 3570.81567382812, 3900.91748046875, 3079.79150390625, 3500.53735351562, 4868.2470703125, 4658.6650390625, 3130.18579101562, 4543.0126953125, 4043.94067382812, 5498.6416015625, 5698.56005859375, 4448.55224609375, 3079.79150390625, 3458.3359375, 3621.3759765625, 4543.0126953125, 4973.15966796875, 3458.3359375, 4581.0380859375, 3518.25170898438, 4756.00537109375, 
5708.98876953125, 4043.94067382812, 3389.4765625, 2985.21337890625, 3079.79150390625, 2790.89501953125, 6182.11083984375, 2606.6689453125, 3900.91748046875, 4395.1240234375, 2967.501953125, 3570.81567382812, 4151.82373046875, 3038.43334960938, 3458.3359375, 5305.12451171875, 4697.7978515625, 2985.21337890625, 3458.3359375, 5339.72314453125, 4581.0380859375, 3079.79150390625, 3045.12866210938),7564.62540049361,0.976646204053
"2",10150,8580,4,3,4,2,1,0,0,0,1,1,6503.7710567559,c(7385.4970703125, 8100.744140625, 8270.431640625, 5498.6416015625, 9006.263671875, 8270.431640625, 6620.0009765625, 6182.11083984375, 8270.431640625, 8270.431640625, 8270.431640625, 4868.2470703125, 6130.02587890625, 7272.7060546875, 5044.109375, 6188.60107421875, 6369.54541015625, 6544.189453125, 5464.50390625, 5059.8935546875, 8270.431640625, 4879.142578125, 4507.38671875, 4658.6650390625, 4891.2802734375, 6140.3251953125, 7322.52783203125, 4744.4365234375, 5683.4296875, 4438.51171875, 4043.94067382812, 
4154.4091796875, 5041.33203125, 4033.04516601562, 3458.3359375, 5708.98876953125, 3862.599609375, 3933.03735351562, 3045.12866210938, 4043.94067382812, 3570.81567382812, 3900.91748046875, 3079.79150390625, 3500.53735351562, 4868.2470703125, 4658.6650390625, 3130.18579101562, 4543.0126953125, 4043.94067382812, 5498.6416015625, 5698.56005859375, 4448.55224609375, 3079.79150390625, 3458.3359375, 3621.3759765625, 4543.0126953125, 4973.15966796875, 3458.3359375, 4581.0380859375, 3518.25170898438, 4756.00537109375, 
5708.98876953125, 4043.94067382812, 3389.4765625, 2985.21337890625, 3079.79150390625, 2790.89501953125, 6182.11083984375, 2606.6689453125, 3900.91748046875, 4395.1240234375, 2967.501953125, 3570.81567382812, 4151.82373046875, 3038.43334960938, 3458.3359375, 5305.12451171875, 4697.7978515625, 2985.21337890625, 3458.3359375, 5339.72314453125, 4581.0380859375, 3079.79150390625, 3045.12866210938),9594.80968391235,0.906296198574153
"3",8463,6000,3,2,4,0,1,1,1,0,1,1,5359.65424757658,c(7385.4970703125, 8100.744140625, 8270.431640625, 5498.6416015625, 9006.263671875, 8270.431640625, 6620.0009765625, 6182.11083984375, 8270.431640625, 8270.431640625, 8270.431640625, 4868.2470703125, 6130.02587890625, 7272.7060546875, 5044.109375, 6188.60107421875, 6369.54541015625, 6544.189453125, 5464.50390625, 5059.8935546875, 8270.431640625, 4879.142578125, 4507.38671875, 4658.6650390625, 4891.2802734375, 6140.3251953125, 7322.52783203125, 4744.4365234375, 5683.4296875, 4438.51171875, 4043.94067382812, 
4154.4091796875, 5041.33203125, 4033.04516601562, 3458.3359375, 5708.98876953125, 3862.599609375, 3933.03735351562, 3045.12866210938, 4043.94067382812, 3570.81567382812, 3900.91748046875, 3079.79150390625, 3500.53735351562, 4868.2470703125, 4658.6650390625, 3130.18579101562, 4543.0126953125, 4043.94067382812, 5498.6416015625, 5698.56005859375, 4448.55224609375, 3079.79150390625, 3458.3359375, 3621.3759765625, 4543.0126953125, 4973.15966796875, 3458.3359375, 4581.0380859375, 3518.25170898438, 4756.00537109375, 
5708.98876953125, 4043.94067382812, 3389.4765625, 2985.21337890625, 3079.79150390625, 2790.89501953125, 6182.11083984375, 2606.6689453125, 3900.91748046875, 4395.1240234375, 2967.501953125, 3570.81567382812, 4151.82373046875, 3038.43334960938, 3458.3359375, 5305.12451171875, 4697.7978515625, 2985.21337890625, 3458.3359375, 5339.72314453125, 4581.0380859375, 3079.79150390625, 3045.12866210938),7453.21571070822,0.802555046236476
"4",8190,5960,3,3,2,1,1,1,1,0,0,0,5338.52948382984,c(7385.4970703125, 8100.744140625, 8270.431640625, 5498.6416015625, 9006.263671875, 8270.431640625, 6620.0009765625, 6182.11083984375, 8270.431640625, 8270.431640625, 8270.431640625, 4868.2470703125, 6130.02587890625, 7272.7060546875, 5044.109375, 6188.60107421875, 6369.54541015625, 6544.189453125, 5464.50390625, 5059.8935546875, 8270.431640625, 4879.142578125, 4507.38671875, 4658.6650390625, 4891.2802734375, 6140.3251953125, 7322.52783203125, 4744.4365234375, 5683.4296875, 4438.51171875, 4043.94067382812, 
4154.4091796875, 5041.33203125, 4033.04516601562, 3458.3359375, 5708.98876953125, 3862.599609375, 3933.03735351562, 3045.12866210938, 4043.94067382812, 3570.81567382812, 3900.91748046875, 3079.79150390625, 3500.53735351562, 4868.2470703125, 4658.6650390625, 3130.18579101562, 4543.0126953125, 4043.94067382812, 5498.6416015625, 5698.56005859375, 4448.55224609375, 3079.79150390625, 3458.3359375, 3621.3759765625, 4543.0126953125, 4973.15966796875, 3458.3359375, 4581.0380859375, 3518.25170898438, 4756.00537109375, 
5708.98876953125, 4043.94067382812, 3389.4765625, 2985.21337890625, 3079.79150390625, 2790.89501953125, 6182.11083984375, 2606.6689453125, 3900.91748046875, 4395.1240234375, 2967.501953125, 3570.81567382812, 4151.82373046875, 3038.43334960938, 3458.3359375, 5305.12451171875, 4697.7978515625, 2985.21337890625, 3458.3359375, 5339.72314453125, 4581.0380859375, 3079.79150390625, 3045.12866210938),6822.23523171267,0.721716976918409
"5",7980,9000,4,2,4,2,1,0,0,0,1,0,6649.30685276297,c(7385.4970703125, 8100.744140625, 8270.431640625, 5498.6416015625, 9006.263671875, 8270.431640625, 6620.0009765625, 6182.11083984375, 8270.431640625, 8270.431640625, 8270.431640625, 4868.2470703125, 6130.02587890625, 7272.7060546875, 5044.109375, 6188.60107421875, 6369.54541015625, 6544.189453125, 5464.50390625, 5059.8935546875, 8270.431640625, 4879.142578125, 4507.38671875, 4658.6650390625, 4891.2802734375, 6140.3251953125, 7322.52783203125, 4744.4365234375, 5683.4296875, 4438.51171875, 4043.94067382812, 
4154.4091796875, 5041.33203125, 4033.04516601562, 3458.3359375, 5708.98876953125, 3862.599609375, 3933.03735351562, 3045.12866210938, 4043.94067382812, 3570.81567382812, 3900.91748046875, 3079.79150390625, 3500.53735351562, 4868.2470703125, 4658.6650390625, 3130.18579101562, 4543.0126953125, 4043.94067382812, 5498.6416015625, 5698.56005859375, 4448.55224609375, 3079.79150390625, 3458.3359375, 3621.3759765625, 4543.0126953125, 4973.15966796875, 3458.3359375, 4581.0380859375, 3518.25170898438, 4756.00537109375, 
5708.98876953125, 4043.94067382812, 3389.4765625, 2985.21337890625, 3079.79150390625, 2790.89501953125, 6182.11083984375, 2606.6689453125, 3900.91748046875, 4395.1240234375, 2967.501953125, 3570.81567382812, 4151.82373046875, 3038.43334960938, 3458.3359375, 5305.12451171875, 4697.7978515625, 2985.21337890625, 3458.3359375, 5339.72314453125, 4581.0380859375, 3079.79150390625, 3045.12866210938),8617.73870505906,0.760267168449678
"6",7560,6000,4,2,4,1,1,0,0,0,1,0,5359.65424757658,c(7385.4970703125, 8100.744140625, 8270.431640625, 5498.6416015625, 9006.263671875, 8270.431640625, 6620.0009765625, 6182.11083984375, 8270.431640625, 8270.431640625, 8270.431640625, 4868.2470703125, 6130.02587890625, 7272.7060546875, 5044.109375, 6188.60107421875, 6369.54541015625, 6544.189453125, 5464.50390625, 5059.8935546875, 8270.431640625, 4879.142578125, 4507.38671875, 4658.6650390625, 4891.2802734375, 6140.3251953125, 7322.52783203125, 4744.4365234375, 5683.4296875, 4438.51171875, 4043.94067382812, 
4154.4091796875, 5041.33203125, 4033.04516601562, 3458.3359375, 5708.98876953125, 3862.599609375, 3933.03735351562, 3045.12866210938, 4043.94067382812, 3570.81567382812, 3900.91748046875, 3079.79150390625, 3500.53735351562, 4868.2470703125, 4658.6650390625, 3130.18579101562, 4543.0126953125, 4043.94067382812, 5498.6416015625, 5698.56005859375, 4448.55224609375, 3079.79150390625, 3458.3359375, 3621.3759765625, 4543.0126953125, 4973.15966796875, 3458.3359375, 4581.0380859375, 3518.25170898438, 4756.00537109375, 
5708.98876953125, 4043.94067382812, 3389.4765625, 2985.21337890625, 3079.79150390625, 2790.89501953125, 6182.11083984375, 2606.6689453125, 3900.91748046875, 4395.1240234375, 2967.501953125, 3570.81567382812, 4151.82373046875, 3038.43334960938, 3458.3359375, 5305.12451171875, 4697.7978515625, 2985.21337890625, 3458.3359375, 5339.72314453125, 4581.0380859375, 3079.79150390625, 3045.12866210938),7453.21571070822,0.718760658568053
"7",7350,5150,3,2,4,2,1,0,0,0,1,0,4888.50475378058,c(7385.4970703125, 8100.744140625, 8270.431640625, 5498.6416015625, 9006.263671875, 8270.431640625, 6620.0009765625, 6182.11083984375, 8270.431640625, 8270.431640625, 8270.431640625, 4868.2470703125, 6130.02587890625, 7272.7060546875, 5044.109375, 6188.60107421875, 6369.54541015625, 6544.189453125, 5464.50390625, 5059.8935546875, 8270.431640625, 4879.142578125, 4507.38671875, 4658.6650390625, 4891.2802734375, 6140.3251953125, 7322.52783203125, 4744.4365234375, 5683.4296875, 4438.51171875, 4043.94067382812, 
4154.4091796875, 5041.33203125, 4033.04516601562, 3458.3359375, 5708.98876953125, 3862.599609375, 3933.03735351562, 3045.12866210938, 4043.94067382812, 3570.81567382812, 3900.91748046875, 3079.79150390625, 3500.53735351562, 4868.2470703125, 4658.6650390625, 3130.18579101562, 4543.0126953125, 4043.94067382812, 5498.6416015625, 5698.56005859375, 4448.55224609375, 3079.79150390625, 3458.3359375, 3621.3759765625, 4543.0126953125, 4973.15966796875, 3458.3359375, 4581.0380859375, 3518.25170898438, 4756.00537109375, 
5708.98876953125, 4043.94067382812, 3389.4765625, 2985.21337890625, 3079.79150390625, 2790.89501953125, 6182.11083984375, 2606.6689453125, 3900.91748046875, 4395.1240234375, 2967.501953125, 3570.81567382812, 4151.82373046875, 3038.43334960938, 3458.3359375, 5305.12451171875, 4697.7978515625, 2985.21337890625, 3458.3359375, 5339.72314453125, 4581.0380859375, 3079.79150390625, 3045.12866210938),7123.26752897548,0.696441857188876
"8",7343,11440,4,1,2,1,1,0,1,0,0,1,7269.29974522775,c(7385.4970703125, 8100.744140625, 8270.431640625, 5498.6416015625, 9006.263671875, 8270.431640625, 6620.0009765625, 6182.11083984375, 8270.431640625, 8270.431640625, 8270.431640625, 4868.2470703125, 6130.02587890625, 7272.7060546875, 5044.109375, 6188.60107421875, 6369.54541015625, 6544.189453125, 5464.50390625, 5059.8935546875, 8270.431640625, 4879.142578125, 4507.38671875, 4658.6650390625, 4891.2802734375, 6140.3251953125, 7322.52783203125, 4744.4365234375, 5683.4296875, 4438.51171875, 4043.94067382812, 
4154.4091796875, 5041.33203125, 4033.04516601562, 3458.3359375, 5708.98876953125, 3862.599609375, 3933.03735351562, 3045.12866210938, 4043.94067382812, 3570.81567382812, 3900.91748046875, 3079.79150390625, 3500.53735351562, 4868.2470703125, 4658.6650390625, 3130.18579101562, 4543.0126953125, 4043.94067382812, 5498.6416015625, 5698.56005859375, 4448.55224609375, 3079.79150390625, 3458.3359375, 3621.3759765625, 4543.0126953125, 4973.15966796875, 3458.3359375, 4581.0380859375, 3518.25170898438, 4756.00537109375, 
5708.98876953125, 4043.94067382812, 3389.4765625, 2985.21337890625, 3079.79150390625, 2790.89501953125, 6182.11083984375, 2606.6689453125, 3900.91748046875, 4395.1240234375, 2967.501953125, 3570.81567382812, 4151.82373046875, 3038.43334960938, 3458.3359375, 5305.12451171875, 4697.7978515625, 2985.21337890625, 3458.3359375, 5339.72314453125, 4581.0380859375, 3079.79150390625, 3045.12866210938),6669.22217193539,0.626622069646038
"9",7210,6000,3,2,4,1,1,1,0,0,1,0,5359.65424757658,c(7385.4970703125, 8100.744140625, 8270.431640625, 5498.6416015625, 9006.263671875, 8270.431640625, 6620.0009765625, 6182.11083984375, 8270.431640625, 8270.431640625, 8270.431640625, 4868.2470703125, 6130.02587890625, 7272.7060546875, 5044.109375, 6188.60107421875, 6369.54541015625, 6544.189453125, 5464.50390625, 5059.8935546875, 8270.431640625, 4879.142578125, 4507.38671875, 4658.6650390625, 4891.2802734375, 6140.3251953125, 7322.52783203125, 4744.4365234375, 5683.4296875, 4438.51171875, 4043.94067382812, 
4154.4091796875, 5041.33203125, 4033.04516601562, 3458.3359375, 5708.98876953125, 3862.599609375, 3933.03735351562, 3045.12866210938, 4043.94067382812, 3570.81567382812, 3900.91748046875, 3079.79150390625, 3500.53735351562, 4868.2470703125, 4658.6650390625, 3130.18579101562, 4543.0126953125, 4043.94067382812, 5498.6416015625, 5698.56005859375, 4448.55224609375, 3079.79150390625, 3458.3359375, 3621.3759765625, 4543.0126953125, 4973.15966796875, 3458.3359375, 4581.0380859375, 3518.25170898438, 4756.00537109375, 
5708.98876953125, 4043.94067382812, 3389.4765625, 2985.21337890625, 3079.79150390625, 2790.89501953125, 6182.11083984375, 2606.6689453125, 3900.91748046875, 4395.1240234375, 2967.501953125, 3570.81567382812, 4151.82373046875, 3038.43334960938, 3458.3359375, 5305.12451171875, 4697.7978515625, 2985.21337890625, 3458.3359375, 5339.72314453125, 4581.0380859375, 3079.79150390625, 3045.12866210938),7453.21571070822,0.681021533943408
"10",6755,6000,4,2,4,0,1,0,0,0,1,0,5359.65424757658,c(7385.4970703125, 8100.744140625, 8270.431640625, 5498.6416015625, 9006.263671875, 8270.431640625, 6620.0009765625, 6182.11083984375, 8270.431640625, 8270.431640625, 8270.431640625, 4868.2470703125, 6130.02587890625, 7272.7060546875, 5044.109375, 6188.60107421875, 6369.54541015625, 6544.189453125, 5464.50390625, 5059.8935546875, 8270.431640625, 4879.142578125, 4507.38671875, 4658.6650390625, 4891.2802734375, 6140.3251953125, 7322.52783203125, 4744.4365234375, 5683.4296875, 4438.51171875, 4043.94067382812, 
4154.4091796875, 5041.33203125, 4033.04516601562, 3458.3359375, 5708.98876953125, 3862.599609375, 3933.03735351562, 3045.12866210938, 4043.94067382812, 3570.81567382812, 3900.91748046875, 3079.79150390625, 3500.53735351562, 4868.2470703125, 4658.6650390625, 3130.18579101562, 4543.0126953125, 4043.94067382812, 5498.6416015625, 5698.56005859375, 4448.55224609375, 3079.79150390625, 3458.3359375, 3621.3759765625, 4543.0126953125, 4973.15966796875, 3458.3359375, 4581.0380859375, 3518.25170898438, 4756.00537109375, 
5708.98876953125, 4043.94067382812, 3389.4765625, 2985.21337890625, 3079.79150390625, 2790.89501953125, 6182.11083984375, 2606.6689453125, 3900.91748046875, 4395.1240234375, 2967.501953125, 3570.81567382812, 4151.82373046875, 3038.43334960938, 3458.3359375, 5305.12451171875, 4697.7978515625, 2985.21337890625, 3458.3359375, 5339.72314453125, 4581.0380859375, 3079.79150390625, 3045.12866210938),7453.21571070822,0.628237410122733
"11",6580,6000,3,2,4,0,1,0,0,0,1,0,5359.65424757658,c(7385.4970703125, 8100.744140625, 8270.431640625, 5498.6416015625, 9006.263671875, 8270.431640625, 6620.0009765625, 6182.11083984375, 8270.431640625, 8270.431640625, 8270.431640625, 4868.2470703125, 6130.02587890625, 7272.7060546875, 5044.109375, 6188.60107421875, 6369.54541015625, 6544.189453125, 5464.50390625, 5059.8935546875, 8270.431640625, 4879.142578125, 4507.38671875, 4658.6650390625, 4891.2802734375, 6140.3251953125, 7322.52783203125, 4744.4365234375, 5683.4296875, 4438.51171875, 4043.94067382812, 
4154.4091796875, 5041.33203125, 4033.04516601562, 3458.3359375, 5708.98876953125, 3862.599609375, 3933.03735351562, 3045.12866210938, 4043.94067382812, 3570.81567382812, 3900.91748046875, 3079.79150390625, 3500.53735351562, 4868.2470703125, 4658.6650390625, 3130.18579101562, 4543.0126953125, 4043.94067382812, 5498.6416015625, 5698.56005859375, 4448.55224609375, 3079.79150390625, 3458.3359375, 3621.3759765625, 4543.0126953125, 4973.15966796875, 3458.3359375, 4581.0380859375, 3518.25170898438, 4756.00537109375, 
5708.98876953125, 4043.94067382812, 3389.4765625, 2985.21337890625, 3079.79150390625, 2790.89501953125, 6182.11083984375, 2606.6689453125, 3900.91748046875, 4395.1240234375, 2967.501953125, 3570.81567382812, 4151.82373046875, 3038.43334960938, 3458.3359375, 5305.12451171875, 4697.7978515625, 2985.21337890625, 3458.3359375, 5339.72314453125, 4581.0380859375, 3079.79150390625, 3045.12866210938),7453.21571070822,0.607004171937981
"12",6440,5000,3,1,2,0,1,0,0,0,1,0,4800.51360908503,c(7385.4970703125, 8100.744140625, 8270.431640625, 5498.6416015625, 9006.263671875, 8270.431640625, 6620.0009765625, 6182.11083984375, 8270.431640625, 8270.431640625, 8270.431640625, 4868.2470703125, 6130.02587890625, 7272.7060546875, 5044.109375, 6188.60107421875, 6369.54541015625, 6544.189453125, 5464.50390625, 5059.8935546875, 8270.431640625, 4879.142578125, 4507.38671875, 4658.6650390625, 4891.2802734375, 6140.3251953125, 7322.52783203125, 4744.4365234375, 5683.4296875, 4438.51171875, 4043.94067382812, 
4154.4091796875, 5041.33203125, 4033.04516601562, 3458.3359375, 5708.98876953125, 3862.599609375, 3933.03735351562, 3045.12866210938, 4043.94067382812, 3570.81567382812, 3900.91748046875, 3079.79150390625, 3500.53735351562, 4868.2470703125, 4658.6650390625, 3130.18579101562, 4543.0126953125, 4043.94067382812, 5498.6416015625, 5698.56005859375, 4448.55224609375, 3079.79150390625, 3458.3359375, 3621.3759765625, 4543.0126953125, 4973.15966796875, 3458.3359375, 4581.0380859375, 3518.25170898438, 4756.00537109375, 
5708.98876953125, 4043.94067382812, 3389.4765625, 2985.21337890625, 3079.79150390625, 2790.89501953125, 6182.11083984375, 2606.6689453125, 3900.91748046875, 4395.1240234375, 2967.501953125, 3570.81567382812, 4151.82373046875, 3038.43334960938, 3458.3359375, 5305.12451171875, 4697.7978515625, 2985.21337890625, 3458.3359375, 5339.72314453125, 4581.0380859375, 3079.79150390625, 3045.12866210938),5045.34145944751,0.513430324706571
"13",6300,4100,3,2,3,2,1,0,0,0,1,0,4242.02990772657,c(7385.4970703125, 8100.744140625, 8270.431640625, 5498.6416015625, 9006.263671875, 8270.431640625, 6620.0009765625, 6182.11083984375, 8270.431640625, 8270.431640625, 8270.431640625, 4868.2470703125, 6130.02587890625, 7272.7060546875, 5044.109375, 6188.60107421875, 6369.54541015625, 6544.189453125, 5464.50390625, 5059.8935546875, 8270.431640625, 4879.142578125, 4507.38671875, 4658.6650390625, 4891.2802734375, 6140.3251953125, 7322.52783203125, 4744.4365234375, 5683.4296875, 4438.51171875, 4043.94067382812, 
4154.4091796875, 5041.33203125, 4033.04516601562, 3458.3359375, 5708.98876953125, 3862.599609375, 3933.03735351562, 3045.12866210938, 4043.94067382812, 3570.81567382812, 3900.91748046875, 3079.79150390625, 3500.53735351562, 4868.2470703125, 4658.6650390625, 3130.18579101562, 4543.0126953125, 4043.94067382812, 5498.6416015625, 5698.56005859375, 4448.55224609375, 3079.79150390625, 3458.3359375, 3621.3759765625, 4543.0126953125, 4973.15966796875, 3458.3359375, 4581.0380859375, 3518.25170898438, 4756.00537109375, 
5708.98876953125, 4043.94067382812, 3389.4765625, 2985.21337890625, 3079.79150390625, 2790.89501953125, 6182.11083984375, 2606.6689453125, 3900.91748046875, 4395.1240234375, 2967.501953125, 3570.81567382812, 4151.82373046875, 3038.43334960938, 3458.3359375, 5305.12451171875, 4697.7978515625, 2985.21337890625, 3458.3359375, 5339.72314453125, 4581.0380859375, 3079.79150390625, 3045.12866210938),6275.88662007868,0.534028373159492
"14",6195,5500,3,2,4,1,1,1,0,0,1,0,5088.16245562848,c(7385.4970703125, 8100.744140625, 8270.431640625, 5498.6416015625, 9006.263671875, 8270.431640625, 6620.0009765625, 6182.11083984375, 8270.431640625, 8270.431640625, 8270.431640625, 4868.2470703125, 6130.02587890625, 7272.7060546875, 5044.109375, 6188.60107421875, 6369.54541015625, 6544.189453125, 5464.50390625, 5059.8935546875, 8270.431640625, 4879.142578125, 4507.38671875, 4658.6650390625, 4891.2802734375, 6140.3251953125, 7322.52783203125, 4744.4365234375, 5683.4296875, 4438.51171875, 4043.94067382812, 
4154.4091796875, 5041.33203125, 4033.04516601562, 3458.3359375, 5708.98876953125, 3862.599609375, 3933.03735351562, 3045.12866210938, 4043.94067382812, 3570.81567382812, 3900.91748046875, 3079.79150390625, 3500.53735351562, 4868.2470703125, 4658.6650390625, 3130.18579101562, 4543.0126953125, 4043.94067382812, 5498.6416015625, 5698.56005859375, 4448.55224609375, 3079.79150390625, 3458.3359375, 3621.3759765625, 4543.0126953125, 4973.15966796875, 3458.3359375, 4581.0380859375, 3518.25170898438, 4756.00537109375, 
5708.98876953125, 4043.94067382812, 3389.4765625, 2985.21337890625, 3079.79150390625, 2790.89501953125, 6182.11083984375, 2606.6689453125, 3900.91748046875, 4395.1240234375, 2967.501953125, 3570.81567382812, 4151.82373046875, 3038.43334960938, 3458.3359375, 5305.12451171875, 4697.7978515625, 2985.21337890625, 3458.3359375, 5339.72314453125, 4581.0380859375, 3079.79150390625, 3045.12866210938),7259.12854498308,0.558949421521622
"15",6125,6420,3,1,3,0,1,0,1,0,0,1,5575.2211810217,c(7385.4970703125, 8100.744140625, 8270.431640625, 5498.6416015625, 9006.263671875, 8270.431640625, 6620.0009765625, 6182.11083984375, 8270.431640625, 8270.431640625, 8270.431640625, 4868.2470703125, 6130.02587890625, 7272.7060546875, 5044.109375, 6188.60107421875, 6369.54541015625, 6544.189453125, 5464.50390625, 5059.8935546875, 8270.431640625, 4879.142578125, 4507.38671875, 4658.6650390625, 4891.2802734375, 6140.3251953125, 7322.52783203125, 4744.4365234375, 5683.4296875, 4438.51171875, 4043.94067382812, 
4154.4091796875, 5041.33203125, 4033.04516601562, 3458.3359375, 5708.98876953125, 3862.599609375, 3933.03735351562, 3045.12866210938, 4043.94067382812, 3570.81567382812, 3900.91748046875, 3079.79150390625, 3500.53735351562, 4868.2470703125, 4658.6650390625, 3130.18579101562, 4543.0126953125, 4043.94067382812, 5498.6416015625, 5698.56005859375, 4448.55224609375, 3079.79150390625, 3458.3359375, 3621.3759765625, 4543.0126953125, 4973.15966796875, 3458.3359375, 4581.0380859375, 3518.25170898438, 4756.00537109375, 
5708.98876953125, 4043.94067382812, 3389.4765625, 2985.21337890625, 3079.79150390625, 2790.89501953125, 6182.11083984375, 2606.6689453125, 3900.91748046875, 4395.1240234375, 2967.501953125, 3570.81567382812, 4151.82373046875, 3038.43334960938, 3458.3359375, 5305.12451171875, 4697.7978515625, 2985.21337890625, 3458.3359375, 5339.72314453125, 4581.0380859375, 3079.79150390625, 3045.12866210938),5160.38488892899,0.511597471415805
"16",6090,6615,4,2,2,1,1,1,0,1,0,0,5671.43055914796,c(7385.4970703125, 8100.744140625, 8270.431640625, 5498.6416015625, 9006.263671875, 8270.431640625, 6620.0009765625, 6182.11083984375, 8270.431640625, 8270.431640625, 8270.431640625, 4868.2470703125, 6130.02587890625, 7272.7060546875, 5044.109375, 6188.60107421875, 6369.54541015625, 6544.189453125, 5464.50390625, 5059.8935546875, 8270.431640625, 4879.142578125, 4507.38671875, 4658.6650390625, 4891.2802734375, 6140.3251953125, 7322.52783203125, 4744.4365234375, 5683.4296875, 4438.51171875, 4043.94067382812, 
4154.4091796875, 5041.33203125, 4033.04516601562, 3458.3359375, 5708.98876953125, 3862.599609375, 3933.03735351562, 3045.12866210938, 4043.94067382812, 3570.81567382812, 3900.91748046875, 3079.79150390625, 3500.53735351562, 4868.2470703125, 4658.6650390625, 3130.18579101562, 4543.0126953125, 4043.94067382812, 5498.6416015625, 5698.56005859375, 4448.55224609375, 3079.79150390625, 3458.3359375, 3621.3759765625, 4543.0126953125, 4973.15966796875, 3458.3359375, 4581.0380859375, 3518.25170898438, 4756.00537109375, 
5708.98876953125, 4043.94067382812, 3389.4765625, 2985.21337890625, 3079.79150390625, 2790.89501953125, 6182.11083984375, 2606.6689453125, 3900.91748046875, 4395.1240234375, 2967.501953125, 3570.81567382812, 4151.82373046875, 3038.43334960938, 3458.3359375, 5305.12451171875, 4697.7978515625, 2985.21337890625, 3458.3359375, 5339.72314453125, 4581.0380859375, 3079.79150390625, 3045.12866210938),5936.38522075019,0.468512272486931
"17",5950,7320,4,2,2,0,1,0,0,0,0,0,5998.76116239986,c(7385.4970703125, 8100.744140625, 8270.431640625, 5498.6416015625, 9006.263671875, 8270.431640625, 6620.0009765625, 6182.11083984375, 8270.431640625, 8270.431640625, 8270.431640625, 4868.2470703125, 6130.02587890625, 7272.7060546875, 5044.109375, 6188.60107421875, 6369.54541015625, 6544.189453125, 5464.50390625, 5059.8935546875, 8270.431640625, 4879.142578125, 4507.38671875, 4658.6650390625, 4891.2802734375, 6140.3251953125, 7322.52783203125, 4744.4365234375, 5683.4296875, 4438.51171875, 4043.94067382812, 
4154.4091796875, 5041.33203125, 4033.04516601562, 3458.3359375, 5708.98876953125, 3862.599609375, 3933.03735351562, 3045.12866210938, 4043.94067382812, 3570.81567382812, 3900.91748046875, 3079.79150390625, 3500.53735351562, 4868.2470703125, 4658.6650390625, 3130.18579101562, 4543.0126953125, 4043.94067382812, 5498.6416015625, 5698.56005859375, 4448.55224609375, 3079.79150390625, 3458.3359375, 3621.3759765625, 4543.0126953125, 4973.15966796875, 3458.3359375, 4581.0380859375, 3518.25170898438, 4756.00537109375, 
5708.98876953125, 4043.94067382812, 3389.4765625, 2985.21337890625, 3079.79150390625, 2790.89501953125, 6182.11083984375, 2606.6689453125, 3900.91748046875, 4395.1240234375, 2967.501953125, 3570.81567382812, 4151.82373046875, 3038.43334960938, 3458.3359375, 5305.12451171875, 4697.7978515625, 2985.21337890625, 3458.3359375, 5339.72314453125, 4581.0380859375, 3079.79150390625, 3045.12866210938),6210.04812442264,0.450646571619414
"18",5943,15600,3,1,1,2,1,0,0,0,1,0,7439.12062585116,c(7385.4970703125, 8100.744140625, 8270.431640625, 5498.6416015625, 9006.263671875, 8270.431640625, 6620.0009765625, 6182.11083984375, 8270.431640625, 8270.431640625, 8270.431640625, 4868.2470703125, 6130.02587890625, 7272.7060546875, 5044.109375, 6188.60107421875, 6369.54541015625, 6544.189453125, 5464.50390625, 5059.8935546875, 8270.431640625, 4879.142578125, 4507.38671875, 4658.6650390625, 4891.2802734375, 6140.3251953125, 7322.52783203125, 4744.4365234375, 5683.4296875, 4438.51171875, 4043.94067382812, 
4154.4091796875, 5041.33203125, 4033.04516601562, 3458.3359375, 5708.98876953125, 3862.599609375, 3933.03735351562, 3045.12866210938, 4043.94067382812, 3570.81567382812, 3900.91748046875, 3079.79150390625, 3500.53735351562, 4868.2470703125, 4658.6650390625, 3130.18579101562, 4543.0126953125, 4043.94067382812, 5498.6416015625, 5698.56005859375, 4448.55224609375, 3079.79150390625, 3458.3359375, 3621.3759765625, 4543.0126953125, 4973.15966796875, 3458.3359375, 4581.0380859375, 3518.25170898438, 4756.00537109375, 
5708.98876953125, 4043.94067382812, 3389.4765625, 2985.21337890625, 3079.79150390625, 2790.89501953125, 6182.11083984375, 2606.6689453125, 3900.91748046875, 4395.1240234375, 2967.501953125, 3570.81567382812, 4151.82373046875, 3038.43334960938, 3458.3359375, 5305.12451171875, 4697.7978515625, 2985.21337890625, 3458.3359375, 5339.72314453125, 4581.0380859375, 3079.79150390625, 3045.12866210938),8720.19151194646,0.41188302402149
"19",5873,5500,3,1,3,1,1,1,0,0,1,0,5088.16245562848,c(7385.4970703125, 8100.744140625, 8270.431640625, 5498.6416015625, 9006.263671875, 8270.431640625, 6620.0009765625, 6182.11083984375, 8270.431640625, 8270.431640625, 8270.431640625, 4868.2470703125, 6130.02587890625, 7272.7060546875, 5044.109375, 6188.60107421875, 6369.54541015625, 6544.189453125, 5464.50390625, 5059.8935546875, 8270.431640625, 4879.142578125, 4507.38671875, 4658.6650390625, 4891.2802734375, 6140.3251953125, 7322.52783203125, 4744.4365234375, 5683.4296875, 4438.51171875, 4043.94067382812, 
4154.4091796875, 5041.33203125, 4033.04516601562, 3458.3359375, 5708.98876953125, 3862.599609375, 3933.03735351562, 3045.12866210938, 4043.94067382812, 3570.81567382812, 3900.91748046875, 3079.79150390625, 3500.53735351562, 4868.2470703125, 4658.6650390625, 3130.18579101562, 4543.0126953125, 4043.94067382812, 5498.6416015625, 5698.56005859375, 4448.55224609375, 3079.79150390625, 3458.3359375, 3621.3759765625, 4543.0126953125, 4973.15966796875, 3458.3359375, 4581.0380859375, 3518.25170898438, 4756.00537109375, 
5708.98876953125, 4043.94067382812, 3389.4765625, 2985.21337890625, 3079.79150390625, 2790.89501953125, 6182.11083984375, 2606.6689453125, 3900.91748046875, 4395.1240234375, 2967.501953125, 3570.81567382812, 4151.82373046875, 3038.43334960938, 3458.3359375, 5305.12451171875, 4697.7978515625, 2985.21337890625, 3458.3359375, 5339.72314453125, 4581.0380859375, 3079.79150390625, 3045.12866210938),5679.22648604666,0.479238130679725
"20",5810,4800,3,1,3,0,1,0,0,0,1,0,4680.93009518096,c(7385.4970703125, 8100.744140625, 8270.431640625, 5498.6416015625, 9006.263671875, 8270.431640625, 6620.0009765625, 6182.11083984375, 8270.431640625, 8270.431640625, 8270.431640625, 4868.2470703125, 6130.02587890625, 7272.7060546875, 5044.109375, 6188.60107421875, 6369.54541015625, 6544.189453125, 5464.50390625, 5059.8935546875, 8270.431640625, 4879.142578125, 4507.38671875, 4658.6650390625, 4891.2802734375, 6140.3251953125, 7322.52783203125, 4744.4365234375, 5683.4296875, 4438.51171875, 4043.94067382812, 
4154.4091796875, 5041.33203125, 4033.04516601562, 3458.3359375, 5708.98876953125, 3862.599609375, 3933.03735351562, 3045.12866210938, 4043.94067382812, 3570.81567382812, 3900.91748046875, 3079.79150390625, 3500.53735351562, 4868.2470703125, 4658.6650390625, 3130.18579101562, 4543.0126953125, 4043.94067382812, 5498.6416015625, 5698.56005859375, 4448.55224609375, 3079.79150390625, 3458.3359375, 3621.3759765625, 4543.0126953125, 4973.15966796875, 3458.3359375, 4581.0380859375, 3518.25170898438, 4756.00537109375, 
5708.98876953125, 4043.94067382812, 3389.4765625, 2985.21337890625, 3079.79150390625, 2790.89501953125, 6182.11083984375, 2606.6689453125, 3900.91748046875, 4395.1240234375, 2967.501953125, 3570.81567382812, 4151.82373046875, 3038.43334960938, 3458.3359375, 5305.12451171875, 4697.7978515625, 2985.21337890625, 3458.3359375, 5339.72314453125, 4581.0380859375, 3079.79150390625, 3045.12866210938),5407.50445403147,0.471164875182637
"21",5775,6000,3,2,4,0,1,0,0,0,1,0,5359.65424757658,c(7385.4970703125, 8100.744140625, 8270.431640625, 5498.6416015625, 9006.263671875, 8270.431640625, 6620.0009765625, 6182.11083984375, 8270.431640625, 8270.431640625, 8270.431640625, 4868.2470703125, 6130.02587890625, 7272.7060546875, 5044.109375, 6188.60107421875, 6369.54541015625, 6544.189453125, 5464.50390625, 5059.8935546875, 8270.431640625, 4879.142578125, 4507.38671875, 4658.6650390625, 4891.2802734375, 6140.3251953125, 7322.52783203125, 4744.4365234375, 5683.4296875, 4438.51171875, 4043.94067382812, 
4154.4091796875, 5041.33203125, 4033.04516601562, 3458.3359375, 5708.98876953125, 3862.599609375, 3933.03735351562, 3045.12866210938, 4043.94067382812, 3570.81567382812, 3900.91748046875, 3079.79150390625, 3500.53735351562, 4868.2470703125, 4658.6650390625, 3130.18579101562, 4543.0126953125, 4043.94067382812, 5498.6416015625, 5698.56005859375, 4448.55224609375, 3079.79150390625, 3458.3359375, 3621.3759765625, 4543.0126953125, 4973.15966796875, 3458.3359375, 4581.0380859375, 3518.25170898438, 4756.00537109375, 
5708.98876953125, 4043.94067382812, 3389.4765625, 2985.21337890625, 3079.79150390625, 2790.89501953125, 6182.11083984375, 2606.6689453125, 3900.91748046875, 4395.1240234375, 2967.501953125, 3570.81567382812, 4151.82373046875, 3038.43334960938, 3458.3359375, 5305.12451171875, 4697.7978515625, 2985.21337890625, 3458.3359375, 5339.72314453125, 4581.0380859375, 3079.79150390625, 3045.12866210938),7453.21571070822,0.505269051837456
"22",5600,4700,4,1,2,1,1,1,1,0,1,0,4620.1689149532,c(7385.4970703125, 8100.744140625, 8270.431640625, 5498.6416015625, 9006.263671875, 8270.431640625, 6620.0009765625, 6182.11083984375, 8270.431640625, 8270.431640625, 8270.431640625, 4868.2470703125, 6130.02587890625, 7272.7060546875, 5044.109375, 6188.60107421875, 6369.54541015625, 6544.189453125, 5464.50390625, 5059.8935546875, 8270.431640625, 4879.142578125, 4507.38671875, 4658.6650390625, 4891.2802734375, 6140.3251953125, 7322.52783203125, 4744.4365234375, 5683.4296875, 4438.51171875, 4043.94067382812, 
4154.4091796875, 5041.33203125, 4033.04516601562, 3458.3359375, 5708.98876953125, 3862.599609375, 3933.03735351562, 3045.12866210938, 4043.94067382812, 3570.81567382812, 3900.91748046875, 3079.79150390625, 3500.53735351562, 4868.2470703125, 4658.6650390625, 3130.18579101562, 4543.0126953125, 4043.94067382812, 5498.6416015625, 5698.56005859375, 4448.55224609375, 3079.79150390625, 3458.3359375, 3621.3759765625, 4543.0126953125, 4973.15966796875, 3458.3359375, 4581.0380859375, 3518.25170898438, 4756.00537109375, 
5708.98876953125, 4043.94067382812, 3389.4765625, 2985.21337890625, 3079.79150390625, 2790.89501953125, 6182.11083984375, 2606.6689453125, 3900.91748046875, 4395.1240234375, 2967.501953125, 3570.81567382812, 4151.82373046875, 3038.43334960938, 3458.3359375, 5305.12451171875, 4697.7978515625, 2985.21337890625, 3458.3359375, 5339.72314453125, 4581.0380859375, 3079.79150390625, 3045.12866210938),4928.88916001242,0.406630919261892
"23",5565,4400,4,1,2,2,1,0,0,0,1,1,4434.00768116705,c(7385.4970703125, 8100.744140625, 8270.431640625, 5498.6416015625, 9006.263671875, 8270.431640625, 6620.0009765625, 6182.11083984375, 8270.431640625, 8270.431640625, 8270.431640625, 4868.2470703125, 6130.02587890625, 7272.7060546875, 5044.109375, 6188.60107421875, 6369.54541015625, 6544.189453125, 5464.50390625, 5059.8935546875, 8270.431640625, 4879.142578125, 4507.38671875, 4658.6650390625, 4891.2802734375, 6140.3251953125, 7322.52783203125, 4744.4365234375, 5683.4296875, 4438.51171875, 4043.94067382812, 
4154.4091796875, 5041.33203125, 4033.04516601562, 3458.3359375, 5708.98876953125, 3862.599609375, 3933.03735351562, 3045.12866210938, 4043.94067382812, 3570.81567382812, 3900.91748046875, 3079.79150390625, 3500.53735351562, 4868.2470703125, 4658.6650390625, 3130.18579101562, 4543.0126953125, 4043.94067382812, 5498.6416015625, 5698.56005859375, 4448.55224609375, 3079.79150390625, 3458.3359375, 3621.3759765625, 4543.0126953125, 4973.15966796875, 3458.3359375, 4581.0380859375, 3518.25170898438, 4756.00537109375, 
5708.98876953125, 4043.94067382812, 3389.4765625, 2985.21337890625, 3079.79150390625, 2790.89501953125, 6182.11083984375, 2606.6689453125, 3900.91748046875, 4395.1240234375, 2967.501953125, 3570.81567382812, 4151.82373046875, 3038.43334960938, 3458.3359375, 5305.12451171875, 4697.7978515625, 2985.21337890625, 3458.3359375, 5339.72314453125, 4581.0380859375, 3079.79150390625, 3045.12866210938),4812.43686057734,0.402298801065993
"24",5530,3650,3,2,2,2,1,0,0,0,0,0,3943.157235714,c(7385.4970703125, 8100.744140625, 8270.431640625, 5498.6416015625, 9006.263671875, 8270.431640625, 6620.0009765625, 6182.11083984375, 8270.431640625, 8270.431640625, 8270.431640625, 4868.2470703125, 6130.02587890625, 7272.7060546875, 5044.109375, 6188.60107421875, 6369.54541015625, 6544.189453125, 5464.50390625, 5059.8935546875, 8270.431640625, 4879.142578125, 4507.38671875, 4658.6650390625, 4891.2802734375, 6140.3251953125, 7322.52783203125, 4744.4365234375, 5683.4296875, 4438.51171875, 4043.94067382812, 
4154.4091796875, 5041.33203125, 4033.04516601562, 3458.3359375, 5708.98876953125, 3862.599609375, 3933.03735351562, 3045.12866210938, 4043.94067382812, 3570.81567382812, 3900.91748046875, 3079.79150390625, 3500.53735351562, 4868.2470703125, 4658.6650390625, 3130.18579101562, 4543.0126953125, 4043.94067382812, 5498.6416015625, 5698.56005859375, 4448.55224609375, 3079.79150390625, 3458.3359375, 3621.3759765625, 4543.0126953125, 4973.15966796875, 3458.3359375, 4581.0380859375, 3518.25170898438, 4756.00537109375, 
5708.98876953125, 4043.94067382812, 3389.4765625, 2985.21337890625, 3079.79150390625, 2790.89501953125, 6182.11083984375, 2606.6689453125, 3900.91748046875, 4395.1240234375, 2967.501953125, 3570.81567382812, 4151.82373046875, 3038.43334960938, 3458.3359375, 5305.12451171875, 4697.7978515625, 2985.21337890625, 3458.3359375, 5339.72314453125, 4581.0380859375, 3079.79150390625, 3045.12866210938),4785.44832800011,0.397981880343566
"25",5523,6900,3,1,1,0,1,1,1,0,0,1,5807.62369550289,c(7385.4970703125, 8100.744140625, 8270.431640625, 5498.6416015625, 9006.263671875, 8270.431640625, 6620.0009765625, 6182.11083984375, 8270.431640625, 8270.431640625, 8270.431640625, 4868.2470703125, 6130.02587890625, 7272.7060546875, 5044.109375, 6188.60107421875, 6369.54541015625, 6544.189453125, 5464.50390625, 5059.8935546875, 8270.431640625, 4879.142578125, 4507.38671875, 4658.6650390625, 4891.2802734375, 6140.3251953125, 7322.52783203125, 4744.4365234375, 5683.4296875, 4438.51171875, 4043.94067382812, 
4154.4091796875, 5041.33203125, 4033.04516601562, 3458.3359375, 5708.98876953125, 3862.599609375, 3933.03735351562, 3045.12866210938, 4043.94067382812, 3570.81567382812, 3900.91748046875, 3079.79150390625, 3500.53735351562, 4868.2470703125, 4658.6650390625, 3130.18579101562, 4543.0126953125, 4043.94067382812, 5498.6416015625, 5698.56005859375, 4448.55224609375, 3079.79150390625, 3458.3359375, 3621.3759765625, 4543.0126953125, 4973.15966796875, 3458.3359375, 4581.0380859375, 3518.25170898438, 4756.00537109375, 
5708.98876953125, 4043.94067382812, 3389.4765625, 2985.21337890625, 3079.79150390625, 2790.89501953125, 6182.11083984375, 2606.6689453125, 3900.91748046875, 4395.1240234375, 2967.501953125, 3570.81567382812, 4151.82373046875, 3038.43334960938, 3458.3359375, 5305.12451171875, 4697.7978515625, 2985.21337890625, 3458.3359375, 5339.72314453125, 4581.0380859375, 3079.79150390625, 3045.12866210938),4467.1128462771,0.360773405926562
"26",5425,6825,3,1,1,0,1,1,1,0,1,1,5772.29234368187,c(7385.4970703125, 8100.744140625, 8270.431640625, 5498.6416015625, 9006.263671875, 8270.431640625, 6620.0009765625, 6182.11083984375, 8270.431640625, 8270.431640625, 8270.431640625, 4868.2470703125, 6130.02587890625, 7272.7060546875, 5044.109375, 6188.60107421875, 6369.54541015625, 6544.189453125, 5464.50390625, 5059.8935546875, 8270.431640625, 4879.142578125, 4507.38671875, 4658.6650390625, 4891.2802734375, 6140.3251953125, 7322.52783203125, 4744.4365234375, 5683.4296875, 4438.51171875, 4043.94067382812, 
4154.4091796875, 5041.33203125, 4033.04516601562, 3458.3359375, 5708.98876953125, 3862.599609375, 3933.03735351562, 3045.12866210938, 4043.94067382812, 3570.81567382812, 3900.91748046875, 3079.79150390625, 3500.53735351562, 4868.2470703125, 4658.6650390625, 3130.18579101562, 4543.0126953125, 4043.94067382812, 5498.6416015625, 5698.56005859375, 4448.55224609375, 3079.79150390625, 3458.3359375, 3621.3759765625, 4543.0126953125, 4973.15966796875, 3458.3359375, 4581.0380859375, 3518.25170898438, 4756.00537109375, 
5708.98876953125, 4043.94067382812, 3389.4765625, 2985.21337890625, 3079.79150390625, 2790.89501953125, 6182.11083984375, 2606.6689453125, 3900.91748046875, 4395.1240234375, 2967.501953125, 3570.81567382812, 4151.82373046875, 3038.43334960938, 3458.3359375, 5305.12451171875, 4697.7978515625, 2985.21337890625, 3458.3359375, 5339.72314453125, 4581.0380859375, 3079.79150390625, 3045.12866210938),5313.96175347026,0.349243194063935
"27",5250,9800,4,2,2,2,1,1,0,0,0,0,6894.97932220632,c(7385.4970703125, 8100.744140625, 8270.431640625, 5498.6416015625, 9006.263671875, 8270.431640625, 6620.0009765625, 6182.11083984375, 8270.431640625, 8270.431640625, 8270.431640625, 4868.2470703125, 6130.02587890625, 7272.7060546875, 5044.109375, 6188.60107421875, 6369.54541015625, 6544.189453125, 5464.50390625, 5059.8935546875, 8270.431640625, 4879.142578125, 4507.38671875, 4658.6650390625, 4891.2802734375, 6140.3251953125, 7322.52783203125, 4744.4365234375, 5683.4296875, 4438.51171875, 4043.94067382812, 
4154.4091796875, 5041.33203125, 4033.04516601562, 3458.3359375, 5708.98876953125, 3862.599609375, 3933.03735351562, 3045.12866210938, 4043.94067382812, 3570.81567382812, 3900.91748046875, 3079.79150390625, 3500.53735351562, 4868.2470703125, 4658.6650390625, 3130.18579101562, 4543.0126953125, 4043.94067382812, 5498.6416015625, 5698.56005859375, 4448.55224609375, 3079.79150390625, 3458.3359375, 3621.3759765625, 4543.0126953125, 4973.15966796875, 3458.3359375, 4581.0380859375, 3518.25170898438, 4756.00537109375, 
5708.98876953125, 4043.94067382812, 3389.4765625, 2985.21337890625, 3079.79150390625, 2790.89501953125, 6182.11083984375, 2606.6689453125, 3900.91748046875, 4395.1240234375, 2967.501953125, 3570.81567382812, 4151.82373046875, 3038.43334960938, 3458.3359375, 5305.12451171875, 4697.7978515625, 2985.21337890625, 3458.3359375, 5339.72314453125, 4581.0380859375, 3079.79150390625, 3045.12866210938),7172.72046641933,0.364065286930709
"28",5229,7085,3,1,1,2,1,1,1,0,0,1,5893.220054676,c(7385.4970703125, 8100.744140625, 8270.431640625, 5498.6416015625, 9006.263671875, 8270.431640625, 6620.0009765625, 6182.11083984375, 8270.431640625, 8270.431640625, 8270.431640625, 4868.2470703125, 6130.02587890625, 7272.7060546875, 5044.109375, 6188.60107421875, 6369.54541015625, 6544.189453125, 5464.50390625, 5059.8935546875, 8270.431640625, 4879.142578125, 4507.38671875, 4658.6650390625, 4891.2802734375, 6140.3251953125, 7322.52783203125, 4744.4365234375, 5683.4296875, 4438.51171875, 4043.94067382812, 
4154.4091796875, 5041.33203125, 4033.04516601562, 3458.3359375, 5708.98876953125, 3862.599609375, 3933.03735351562, 3045.12866210938, 4043.94067382812, 3570.81567382812, 3900.91748046875, 3079.79150390625, 3500.53735351562, 4868.2470703125, 4658.6650390625, 3130.18579101562, 4543.0126953125, 4043.94067382812, 5498.6416015625, 5698.56005859375, 4448.55224609375, 3079.79150390625, 3458.3359375, 3621.3759765625, 4543.0126953125, 4973.15966796875, 3458.3359375, 4581.0380859375, 3518.25170898438, 4756.00537109375, 
5708.98876953125, 4043.94067382812, 3389.4765625, 2985.21337890625, 3079.79150390625, 2790.89501953125, 6182.11083984375, 2606.6689453125, 3900.91748046875, 4395.1240234375, 2967.501953125, 3570.81567382812, 4151.82373046875, 3038.43334960938, 3458.3359375, 5305.12451171875, 4697.7978515625, 2985.21337890625, 3458.3359375, 5339.72314453125, 4581.0380859375, 3079.79150390625, 3045.12866210938),4538.9250975954,0.32671408808771
"29",5005,8150,3,2,1,0,1,1,1,0,0,0,6342.95931583947,c(7385.4970703125, 8100.744140625, 8270.431640625, 5498.6416015625, 9006.263671875, 8270.431640625, 6620.0009765625, 6182.11083984375, 8270.431640625, 8270.431640625, 8270.431640625, 4868.2470703125, 6130.02587890625, 7272.7060546875, 5044.109375, 6188.60107421875, 6369.54541015625, 6544.189453125, 5464.50390625, 5059.8935546875, 8270.431640625, 4879.142578125, 4507.38671875, 4658.6650390625, 4891.2802734375, 6140.3251953125, 7322.52783203125, 4744.4365234375, 5683.4296875, 4438.51171875, 4043.94067382812, 
4154.4091796875, 5041.33203125, 4033.04516601562, 3458.3359375, 5708.98876953125, 3862.599609375, 3933.03735351562, 3045.12866210938, 4043.94067382812, 3570.81567382812, 3900.91748046875, 3079.79150390625, 3500.53735351562, 4868.2470703125, 4658.6650390625, 3130.18579101562, 4543.0126953125, 4043.94067382812, 5498.6416015625, 5698.56005859375, 4448.55224609375, 3079.79150390625, 3458.3359375, 3621.3759765625, 4543.0126953125, 4973.15966796875, 3458.3359375, 4581.0380859375, 3518.25170898438, 4756.00537109375, 
5708.98876953125, 4043.94067382812, 3389.4765625, 2985.21337890625, 3079.79150390625, 2790.89501953125, 6182.11083984375, 2606.6689453125, 3900.91748046875, 4395.1240234375, 2967.501953125, 3570.81567382812, 4151.82373046875, 3038.43334960938, 3458.3359375, 5305.12451171875, 4697.7978515625, 2985.21337890625, 3458.3359375, 5339.72314453125, 4581.0380859375, 3079.79150390625, 3045.12866210938),6092.43495865236,0.30191614178196
"30",4900,4520,3,1,2,0,1,0,1,0,1,0,4509.17015944003,c(7385.4970703125, 8100.744140625, 8270.431640625, 5498.6416015625, 9006.263671875, 8270.431640625, 6620.0009765625, 6182.11083984375, 8270.431640625, 8270.431640625, 8270.431640625, 4868.2470703125, 6130.02587890625, 7272.7060546875, 5044.109375, 6188.60107421875, 6369.54541015625, 6544.189453125, 5464.50390625, 5059.8935546875, 8270.431640625, 4879.142578125, 4507.38671875, 4658.6650390625, 4891.2802734375, 6140.3251953125, 7322.52783203125, 4744.4365234375, 5683.4296875, 4438.51171875, 4043.94067382812, 
4154.4091796875, 5041.33203125, 4033.04516601562, 3458.3359375, 5708.98876953125, 3862.599609375, 3933.03735351562, 3045.12866210938, 4043.94067382812, 3570.81567382812, 3900.91748046875, 3079.79150390625, 3500.53735351562, 4868.2470703125, 4658.6650390625, 3130.18579101562, 4543.0126953125, 4043.94067382812, 5498.6416015625, 5698.56005859375, 4448.55224609375, 3079.79150390625, 3458.3359375, 3621.3759765625, 4543.0126953125, 4973.15966796875, 3458.3359375, 4581.0380859375, 3518.25170898438, 4756.00537109375, 
5708.98876953125, 4043.94067382812, 3389.4765625, 2985.21337890625, 3079.79150390625, 2790.89501953125, 6182.11083984375, 2606.6689453125, 3900.91748046875, 4395.1240234375, 2967.501953125, 3570.81567382812, 4151.82373046875, 3038.43334960938, 3458.3359375, 5305.12451171875, 4697.7978515625, 2985.21337890625, 3458.3359375, 5339.72314453125, 4581.0380859375, 3079.79150390625, 3045.12866210938),4859.01778035137,0.323525956837479
"31",4900,4646,3,1,2,2,1,1,1,0,0,0,4587.08915349819,c(7385.4970703125, 8100.744140625, 8270.431640625, 5498.6416015625, 9006.263671875, 8270.431640625, 6620.0009765625, 6182.11083984375, 8270.431640625, 8270.431640625, 8270.431640625, 4868.2470703125, 6130.02587890625, 7272.7060546875, 5044.109375, 6188.60107421875, 6369.54541015625, 6544.189453125, 5464.50390625, 5059.8935546875, 8270.431640625, 4879.142578125, 4507.38671875, 4658.6650390625, 4891.2802734375, 6140.3251953125, 7322.52783203125, 4744.4365234375, 5683.4296875, 4438.51171875, 4043.94067382812, 
4154.4091796875, 5041.33203125, 4033.04516601562, 3458.3359375, 5708.98876953125, 3862.599609375, 3933.03735351562, 3045.12866210938, 4043.94067382812, 3570.81567382812, 3900.91748046875, 3079.79150390625, 3500.53735351562, 4868.2470703125, 4658.6650390625, 3130.18579101562, 4543.0126953125, 4043.94067382812, 5498.6416015625, 5698.56005859375, 4448.55224609375, 3079.79150390625, 3458.3359375, 3621.3759765625, 4543.0126953125, 4973.15966796875, 3458.3359375, 4581.0380859375, 3518.25170898438, 4756.00537109375, 
5708.98876953125, 4043.94067382812, 3389.4765625, 2985.21337890625, 3079.79150390625, 2790.89501953125, 6182.11083984375, 2606.6689453125, 3900.91748046875, 4395.1240234375, 2967.501953125, 3570.81567382812, 4151.82373046875, 3038.43334960938, 3458.3359375, 5305.12451171875, 4697.7978515625, 2985.21337890625, 3458.3359375, 5339.72314453125, 4581.0380859375, 3079.79150390625, 3045.12866210938),4031.96576406219,0.323525956837479
"32",4830,4160,3,1,3,0,1,0,0,0,0,0,4280.89078558701,c(7385.4970703125, 8100.744140625, 8270.431640625, 5498.6416015625, 9006.263671875, 8270.431640625, 6620.0009765625, 6182.11083984375, 8270.431640625, 8270.431640625, 8270.431640625, 4868.2470703125, 6130.02587890625, 7272.7060546875, 5044.109375, 6188.60107421875, 6369.54541015625, 6544.189453125, 5464.50390625, 5059.8935546875, 8270.431640625, 4879.142578125, 4507.38671875, 4658.6650390625, 4891.2802734375, 6140.3251953125, 7322.52783203125, 4744.4365234375, 5683.4296875, 4438.51171875, 4043.94067382812, 
4154.4091796875, 5041.33203125, 4033.04516601562, 3458.3359375, 5708.98876953125, 3862.599609375, 3933.03735351562, 3045.12866210938, 4043.94067382812, 3570.81567382812, 3900.91748046875, 3079.79150390625, 3500.53735351562, 4868.2470703125, 4658.6650390625, 3130.18579101562, 4543.0126953125, 4043.94067382812, 5498.6416015625, 5698.56005859375, 4448.55224609375, 3079.79150390625, 3458.3359375, 3621.3759765625, 4543.0126953125, 4973.15966796875, 3458.3359375, 4581.0380859375, 3518.25170898438, 4756.00537109375, 
5708.98876953125, 4043.94067382812, 3389.4765625, 2985.21337890625, 3079.79150390625, 2790.89501953125, 6182.11083984375, 2606.6689453125, 3900.91748046875, 4395.1240234375, 2967.501953125, 3570.81567382812, 4151.82373046875, 3038.43334960938, 3458.3359375, 5305.12451171875, 4697.7978515625, 2985.21337890625, 3458.3359375, 5339.72314453125, 4581.0380859375, 3079.79150390625, 3045.12866210938),4283.11089985136,0.349996561780102
"33",4620,3880,3,2,2,2,1,0,1,0,0,0,4097.54947311214,c(7385.4970703125, 8100.744140625, 8270.431640625, 5498.6416015625, 9006.263671875, 8270.431640625, 6620.0009765625, 6182.11083984375, 8270.431640625, 8270.431640625, 8270.431640625, 4868.2470703125, 6130.02587890625, 7272.7060546875, 5044.109375, 6188.60107421875, 6369.54541015625, 6544.189453125, 5464.50390625, 5059.8935546875, 8270.431640625, 4879.142578125, 4507.38671875, 4658.6650390625, 4891.2802734375, 6140.3251953125, 7322.52783203125, 4744.4365234375, 5683.4296875, 4438.51171875, 4043.94067382812, 
4154.4091796875, 5041.33203125, 4033.04516601562, 3458.3359375, 5708.98876953125, 3862.599609375, 3933.03735351562, 3045.12866210938, 4043.94067382812, 3570.81567382812, 3900.91748046875, 3079.79150390625, 3500.53735351562, 4868.2470703125, 4658.6650390625, 3130.18579101562, 4543.0126953125, 4043.94067382812, 5498.6416015625, 5698.56005859375, 4448.55224609375, 3079.79150390625, 3458.3359375, 3621.3759765625, 4543.0126953125, 4973.15966796875, 3458.3359375, 4581.0380859375, 3518.25170898438, 4756.00537109375, 
5708.98876953125, 4043.94067382812, 3389.4765625, 2985.21337890625, 3079.79150390625, 2790.89501953125, 6182.11083984375, 2606.6689453125, 3900.91748046875, 4395.1240234375, 2967.501953125, 3570.81567382812, 4151.82373046875, 3038.43334960938, 3458.3359375, 5305.12451171875, 4697.7978515625, 2985.21337890625, 3458.3359375, 5339.72314453125, 4581.0380859375, 3079.79150390625, 3045.12866210938),4874.72842423368,0.292867792911601
"34",4620,5010,3,1,2,0,1,0,1,0,0,0,4806.42492515094,c(7385.4970703125, 8100.744140625, 8270.431640625, 5498.6416015625, 9006.263671875, 8270.431640625, 6620.0009765625, 6182.11083984375, 8270.431640625, 8270.431640625, 8270.431640625, 4868.2470703125, 6130.02587890625, 7272.7060546875, 5044.109375, 6188.60107421875, 6369.54541015625, 6544.189453125, 5464.50390625, 5059.8935546875, 8270.431640625, 4879.142578125, 4507.38671875, 4658.6650390625, 4891.2802734375, 6140.3251953125, 7322.52783203125, 4744.4365234375, 5683.4296875, 4438.51171875, 4043.94067382812, 
4154.4091796875, 5041.33203125, 4033.04516601562, 3458.3359375, 5708.98876953125, 3862.599609375, 3933.03735351562, 3045.12866210938, 4043.94067382812, 3570.81567382812, 3900.91748046875, 3079.79150390625, 3500.53735351562, 4868.2470703125, 4658.6650390625, 3130.18579101562, 4543.0126953125, 4043.94067382812, 5498.6416015625, 5698.56005859375, 4448.55224609375, 3079.79150390625, 3458.3359375, 3621.3759765625, 4543.0126953125, 4973.15966796875, 3458.3359375, 4581.0380859375, 3518.25170898438, 4756.00537109375, 
5708.98876953125, 4043.94067382812, 3389.4765625, 2985.21337890625, 3079.79150390625, 2790.89501953125, 6182.11083984375, 2606.6689453125, 3900.91748046875, 4395.1240234375, 2967.501953125, 3570.81567382812, 4151.82373046875, 3038.43334960938, 3458.3359375, 5305.12451171875, 4697.7978515625, 2985.21337890625, 3458.3359375, 5339.72314453125, 4581.0380859375, 3079.79150390625, 3045.12866210938),4173.26122071009,0.292867792911601
"35",4515,3450,3,1,2,1,1,0,1,0,0,0,3806.12410284695,c(7385.4970703125, 8100.744140625, 8270.431640625, 5498.6416015625, 9006.263671875, 8270.431640625, 6620.0009765625, 6182.11083984375, 8270.431640625, 8270.431640625, 8270.431640625, 4868.2470703125, 6130.02587890625, 7272.7060546875, 5044.109375, 6188.60107421875, 6369.54541015625, 6544.189453125, 5464.50390625, 5059.8935546875, 8270.431640625, 4879.142578125, 4507.38671875, 4658.6650390625, 4891.2802734375, 6140.3251953125, 7322.52783203125, 4744.4365234375, 5683.4296875, 4438.51171875, 4043.94067382812, 
4154.4091796875, 5041.33203125, 4033.04516601562, 3458.3359375, 5708.98876953125, 3862.599609375, 3933.03735351562, 3045.12866210938, 4043.94067382812, 3570.81567382812, 3900.91748046875, 3079.79150390625, 3500.53735351562, 4868.2470703125, 4658.6650390625, 3130.18579101562, 4543.0126953125, 4043.94067382812, 5498.6416015625, 5698.56005859375, 4448.55224609375, 3079.79150390625, 3458.3359375, 3621.3759765625, 4543.0126953125, 4973.15966796875, 3458.3359375, 4581.0380859375, 3518.25170898438, 4756.00537109375, 
5708.98876953125, 4043.94067382812, 3389.4765625, 2985.21337890625, 3079.79150390625, 2790.89501953125, 6182.11083984375, 2606.6689453125, 3900.91748046875, 4395.1240234375, 2967.501953125, 3570.81567382812, 4151.82373046875, 3038.43334960938, 3458.3359375, 5305.12451171875, 4697.7978515625, 2985.21337890625, 3458.3359375, 5339.72314453125, 4581.0380859375, 3079.79150390625, 3045.12866210938),3567.70926364765,0.281819938675891
"36",4515,9860,3,1,1,0,1,0,0,0,0,0,6911.73734938034,c(7385.4970703125, 8100.744140625, 8270.431640625, 5498.6416015625, 9006.263671875, 8270.431640625, 6620.0009765625, 6182.11083984375, 8270.431640625, 8270.431640625, 8270.431640625, 4868.2470703125, 6130.02587890625, 7272.7060546875, 5044.109375, 6188.60107421875, 6369.54541015625, 6544.189453125, 5464.50390625, 5059.8935546875, 8270.431640625, 4879.142578125, 4507.38671875, 4658.6650390625, 4891.2802734375, 6140.3251953125, 7322.52783203125, 4744.4365234375, 5683.4296875, 4438.51171875, 4043.94067382812, 
4154.4091796875, 5041.33203125, 4033.04516601562, 3458.3359375, 5708.98876953125, 3862.599609375, 3933.03735351562, 3045.12866210938, 4043.94067382812, 3570.81567382812, 3900.91748046875, 3079.79150390625, 3500.53735351562, 4868.2470703125, 4658.6650390625, 3130.18579101562, 4543.0126953125, 4043.94067382812, 5498.6416015625, 5698.56005859375, 4448.55224609375, 3079.79150390625, 3458.3359375, 3621.3759765625, 4543.0126953125, 4973.15966796875, 3458.3359375, 4581.0380859375, 3518.25170898438, 4756.00537109375, 
5708.98876953125, 4043.94067382812, 3389.4765625, 2985.21337890625, 3079.79150390625, 2790.89501953125, 6182.11083984375, 2606.6689453125, 3900.91748046875, 4395.1240234375, 2967.501953125, 3570.81567382812, 4151.82373046875, 3038.43334960938, 3458.3359375, 5305.12451171875, 4697.7978515625, 2985.21337890625, 3458.3359375, 5339.72314453125, 4581.0380859375, 3079.79150390625, 3045.12866210938),5616.10886736993,0.251621520566457
"37",4480,4000,3,1,2,2,1,0,0,0,0,0,4176.74475221212,c(7385.4970703125, 8100.744140625, 8270.431640625, 5498.6416015625, 9006.263671875, 8270.431640625, 6620.0009765625, 6182.11083984375, 8270.431640625, 8270.431640625, 8270.431640625, 4868.2470703125, 6130.02587890625, 7272.7060546875, 5044.109375, 6188.60107421875, 6369.54541015625, 6544.189453125, 5464.50390625, 5059.8935546875, 8270.431640625, 4879.142578125, 4507.38671875, 4658.6650390625, 4891.2802734375, 6140.3251953125, 7322.52783203125, 4744.4365234375, 5683.4296875, 4438.51171875, 4043.94067382812, 
4154.4091796875, 5041.33203125, 4033.04516601562, 3458.3359375, 5708.98876953125, 3862.599609375, 3933.03735351562, 3045.12866210938, 4043.94067382812, 3570.81567382812, 3900.91748046875, 3079.79150390625, 3500.53735351562, 4868.2470703125, 4658.6650390625, 3130.18579101562, 4543.0126953125, 4043.94067382812, 5498.6416015625, 5698.56005859375, 4448.55224609375, 3079.79150390625, 3458.3359375, 3621.3759765625, 4543.0126953125, 4973.15966796875, 3458.3359375, 4581.0380859375, 3518.25170898438, 4756.00537109375, 
5708.98876953125, 4043.94067382812, 3389.4765625, 2985.21337890625, 3079.79150390625, 2790.89501953125, 6182.11083984375, 2606.6689453125, 3900.91748046875, 4395.1240234375, 2967.501953125, 3570.81567382812, 4151.82373046875, 3038.43334960938, 3458.3359375, 5305.12451171875, 4697.7978515625, 2985.21337890625, 3458.3359375, 5339.72314453125, 4581.0380859375, 3079.79150390625, 3045.12866210938),3781.20514594531,0.278194104711533
"38",4480,4040,3,1,2,1,1,0,0,0,0,0,4202.93636827996,c(7385.4970703125, 8100.744140625, 8270.431640625, 5498.6416015625, 9006.263671875, 8270.431640625, 6620.0009765625, 6182.11083984375, 8270.431640625, 8270.431640625, 8270.431640625, 4868.2470703125, 6130.02587890625, 7272.7060546875, 5044.109375, 6188.60107421875, 6369.54541015625, 6544.189453125, 5464.50390625, 5059.8935546875, 8270.431640625, 4879.142578125, 4507.38671875, 4658.6650390625, 4891.2802734375, 6140.3251953125, 7322.52783203125, 4744.4365234375, 5683.4296875, 4438.51171875, 4043.94067382812, 
4154.4091796875, 5041.33203125, 4033.04516601562, 3458.3359375, 5708.98876953125, 3862.599609375, 3933.03735351562, 3045.12866210938, 4043.94067382812, 3570.81567382812, 3900.91748046875, 3079.79150390625, 3500.53735351562, 4868.2470703125, 4658.6650390625, 3130.18579101562, 4543.0126953125, 4043.94067382812, 5498.6416015625, 5698.56005859375, 4448.55224609375, 3079.79150390625, 3458.3359375, 3621.3759765625, 4543.0126953125, 4973.15966796875, 3458.3359375, 4581.0380859375, 3518.25170898438, 4756.00537109375, 
5708.98876953125, 4043.94067382812, 3389.4765625, 2985.21337890625, 3079.79150390625, 2790.89501953125, 6182.11083984375, 2606.6689453125, 3900.91748046875, 4395.1240234375, 2967.501953125, 3570.81567382812, 4151.82373046875, 3038.43334960938, 3458.3359375, 5305.12451171875, 4697.7978515625, 2985.21337890625, 3458.3359375, 5339.72314453125, 4581.0380859375, 3079.79150390625, 3045.12866210938),3796.73211920332,0.278194104711533
"39",4445,3750,2,1,1,0,1,1,1,0,0,0,4010.7043788718,c(7385.4970703125, 8100.744140625, 8270.431640625, 5498.6416015625, 9006.263671875, 8270.431640625, 6620.0009765625, 6182.11083984375, 8270.431640625, 8270.431640625, 8270.431640625, 4868.2470703125, 6130.02587890625, 7272.7060546875, 5044.109375, 6188.60107421875, 6369.54541015625, 6544.189453125, 5464.50390625, 5059.8935546875, 8270.431640625, 4879.142578125, 4507.38671875, 4658.6650390625, 4891.2802734375, 6140.3251953125, 7322.52783203125, 4744.4365234375, 5683.4296875, 4438.51171875, 4043.94067382812, 
4154.4091796875, 5041.33203125, 4033.04516601562, 3458.3359375, 5708.98876953125, 3862.599609375, 3933.03735351562, 3045.12866210938, 4043.94067382812, 3570.81567382812, 3900.91748046875, 3079.79150390625, 3500.53735351562, 4868.2470703125, 4658.6650390625, 3130.18579101562, 4543.0126953125, 4043.94067382812, 5498.6416015625, 5698.56005859375, 4448.55224609375, 3079.79150390625, 3458.3359375, 3621.3759765625, 4543.0126953125, 4973.15966796875, 3458.3359375, 4581.0380859375, 3518.25170898438, 4756.00537109375, 
5708.98876953125, 4043.94067382812, 3389.4765625, 2985.21337890625, 3079.79150390625, 2790.89501953125, 6182.11083984375, 2606.6689453125, 3900.91748046875, 4395.1240234375, 2967.501953125, 3570.81567382812, 4151.82373046875, 3038.43334960938, 3458.3359375, 5305.12451171875, 4697.7978515625, 2985.21337890625, 3458.3359375, 5339.72314453125, 4581.0380859375, 3079.79150390625, 3045.12866210938),3244.36370220872,0.244908698434521
"40",4410,4900,2,1,2,0,1,0,1,0,0,0,4741.0449932249,c(7385.4970703125, 8100.744140625, 8270.431640625, 5498.6416015625, 9006.263671875, 8270.431640625, 6620.0009765625, 6182.11083984375, 8270.431640625, 8270.431640625, 8270.431640625, 4868.2470703125, 6130.02587890625, 7272.7060546875, 5044.109375, 6188.60107421875, 6369.54541015625, 6544.189453125, 5464.50390625, 5059.8935546875, 8270.431640625, 4879.142578125, 4507.38671875, 4658.6650390625, 4891.2802734375, 6140.3251953125, 7322.52783203125, 4744.4365234375, 5683.4296875, 4438.51171875, 4043.94067382812, 
4154.4091796875, 5041.33203125, 4033.04516601562, 3458.3359375, 5708.98876953125, 3862.599609375, 3933.03735351562, 3045.12866210938, 4043.94067382812, 3570.81567382812, 3900.91748046875, 3079.79150390625, 3500.53735351562, 4868.2470703125, 4658.6650390625, 3130.18579101562, 4543.0126953125, 4043.94067382812, 5498.6416015625, 5698.56005859375, 4448.55224609375, 3079.79150390625, 3458.3359375, 3621.3759765625, 4543.0126953125, 4973.15966796875, 3458.3359375, 4581.0380859375, 3518.25170898438, 4756.00537109375, 
5708.98876953125, 4043.94067382812, 3389.4765625, 2985.21337890625, 3079.79150390625, 2790.89501953125, 6182.11083984375, 2606.6689453125, 3900.91748046875, 4395.1240234375, 2967.501953125, 3570.81567382812, 4151.82373046875, 3038.43334960938, 3458.3359375, 5305.12451171875, 4697.7978515625, 2985.21337890625, 3458.3359375, 5339.72314453125, 4581.0380859375, 3079.79150390625, 3045.12866210938),4130.56204425056,0.271029107927422
"41",4403,4880,3,1,1,2,1,0,0,0,0,1,4729.07371619082,c(7385.4970703125, 8100.744140625, 8270.431640625, 5498.6416015625, 9006.263671875, 8270.431640625, 6620.0009765625, 6182.11083984375, 8270.431640625, 8270.431640625, 8270.431640625, 4868.2470703125, 6130.02587890625, 7272.7060546875, 5044.109375, 6188.60107421875, 6369.54541015625, 6544.189453125, 5464.50390625, 5059.8935546875, 8270.431640625, 4879.142578125, 4507.38671875, 4658.6650390625, 4891.2802734375, 6140.3251953125, 7322.52783203125, 4744.4365234375, 5683.4296875, 4438.51171875, 4043.94067382812, 
4154.4091796875, 5041.33203125, 4033.04516601562, 3458.3359375, 5708.98876953125, 3862.599609375, 3933.03735351562, 3045.12866210938, 4043.94067382812, 3570.81567382812, 3900.91748046875, 3079.79150390625, 3500.53735351562, 4868.2470703125, 4658.6650390625, 3130.18579101562, 4543.0126953125, 4043.94067382812, 5498.6416015625, 5698.56005859375, 4448.55224609375, 3079.79150390625, 3458.3359375, 3621.3759765625, 4543.0126953125, 4973.15966796875, 3458.3359375, 4581.0380859375, 3518.25170898438, 4756.00537109375, 
5708.98876953125, 4043.94067382812, 3389.4765625, 2985.21337890625, 3079.79150390625, 2790.89501953125, 6182.11083984375, 2606.6689453125, 3900.91748046875, 4395.1240234375, 2967.501953125, 3570.81567382812, 4151.82373046875, 3038.43334960938, 3458.3359375, 5305.12451171875, 4697.7978515625, 2985.21337890625, 3458.3359375, 5339.72314453125, 4581.0380859375, 3079.79150390625, 3045.12866210938),3683.00069674754,0.240939534020517
"42",4375,3900,3,1,2,0,1,0,0,0,0,0,4110.81331451385,c(7385.4970703125, 8100.744140625, 8270.431640625, 5498.6416015625, 9006.263671875, 8270.431640625, 6620.0009765625, 6182.11083984375, 8270.431640625, 8270.431640625, 8270.431640625, 4868.2470703125, 6130.02587890625, 7272.7060546875, 5044.109375, 6188.60107421875, 6369.54541015625, 6544.189453125, 5464.50390625, 5059.8935546875, 8270.431640625, 4879.142578125, 4507.38671875, 4658.6650390625, 4891.2802734375, 6140.3251953125, 7322.52783203125, 4744.4365234375, 5683.4296875, 4438.51171875, 4043.94067382812, 
4154.4091796875, 5041.33203125, 4033.04516601562, 3458.3359375, 5708.98876953125, 3862.599609375, 3933.03735351562, 3045.12866210938, 4043.94067382812, 3570.81567382812, 3900.91748046875, 3079.79150390625, 3500.53735351562, 4868.2470703125, 4658.6650390625, 3130.18579101562, 4543.0126953125, 4043.94067382812, 5498.6416015625, 5698.56005859375, 4448.55224609375, 3079.79150390625, 3458.3359375, 3621.3759765625, 4543.0126953125, 4973.15966796875, 3458.3359375, 4581.0380859375, 3518.25170898438, 4756.00537109375, 
5708.98876953125, 4043.94067382812, 3389.4765625, 2985.21337890625, 3079.79150390625, 2790.89501953125, 6182.11083984375, 2606.6689453125, 3900.91748046875, 4395.1240234375, 2967.501953125, 3570.81567382812, 4151.82373046875, 3038.43334960938, 3458.3359375, 5305.12451171875, 4697.7978515625, 2985.21337890625, 3458.3359375, 5339.72314453125, 4581.0380859375, 3079.79150390625, 3045.12866210938),3742.38771280028,0.267490397466659
"43",4340,1905,5,1,2,0,0,0,1,0,0,0,2660.42350521822,c(7385.4970703125, 8100.744140625, 8270.431640625, 5498.6416015625, 9006.263671875, 8270.431640625, 6620.0009765625, 6182.11083984375, 8270.431640625, 8270.431640625, 8270.431640625, 4868.2470703125, 6130.02587890625, 7272.7060546875, 5044.109375, 6188.60107421875, 6369.54541015625, 6544.189453125, 5464.50390625, 5059.8935546875, 8270.431640625, 4879.142578125, 4507.38671875, 4658.6650390625, 4891.2802734375, 6140.3251953125, 7322.52783203125, 4744.4365234375, 5683.4296875, 4438.51171875, 4043.94067382812, 
4154.4091796875, 5041.33203125, 4033.04516601562, 3458.3359375, 5708.98876953125, 3862.599609375, 3933.03735351562, 3045.12866210938, 4043.94067382812, 3570.81567382812, 3900.91748046875, 3079.79150390625, 3500.53735351562, 4868.2470703125, 4658.6650390625, 3130.18579101562, 4543.0126953125, 4043.94067382812, 5498.6416015625, 5698.56005859375, 4448.55224609375, 3079.79150390625, 3458.3359375, 3621.3759765625, 4543.0126953125, 4973.15966796875, 3458.3359375, 4581.0380859375, 3518.25170898438, 4756.00537109375, 
5708.98876953125, 4043.94067382812, 3389.4765625, 2985.21337890625, 3079.79150390625, 2790.89501953125, 6182.11083984375, 2606.6689453125, 3900.91748046875, 4395.1240234375, 2967.501953125, 3570.81567382812, 4151.82373046875, 3038.43334960938, 3458.3359375, 5305.12451171875, 4697.7978515625, 2985.21337890625, 3458.3359375, 5339.72314453125, 4581.0380859375, 3079.79150390625, 3045.12866210938),2967.97992155697,0.263981158849294
"44",4340,4075,3,1,1,2,1,1,1,0,0,0,4225.76920780269,c(7385.4970703125, 8100.744140625, 8270.431640625, 5498.6416015625, 9006.263671875, 8270.431640625, 6620.0009765625, 6182.11083984375, 8270.431640625, 8270.431640625, 8270.431640625, 4868.2470703125, 6130.02587890625, 7272.7060546875, 5044.109375, 6188.60107421875, 6369.54541015625, 6544.189453125, 5464.50390625, 5059.8935546875, 8270.431640625, 4879.142578125, 4507.38671875, 4658.6650390625, 4891.2802734375, 6140.3251953125, 7322.52783203125, 4744.4365234375, 5683.4296875, 4438.51171875, 4043.94067382812, 
4154.4091796875, 5041.33203125, 4033.04516601562, 3458.3359375, 5708.98876953125, 3862.599609375, 3933.03735351562, 3045.12866210938, 4043.94067382812, 3570.81567382812, 3900.91748046875, 3079.79150390625, 3500.53735351562, 4868.2470703125, 4658.6650390625, 3130.18579101562, 4543.0126953125, 4043.94067382812, 5498.6416015625, 5698.56005859375, 4448.55224609375, 3079.79150390625, 3458.3359375, 3621.3759765625, 4543.0126953125, 4973.15966796875, 3458.3359375, 4581.0380859375, 3518.25170898438, 4756.00537109375, 
5708.98876953125, 4043.94067382812, 3389.4765625, 2985.21337890625, 3079.79150390625, 2790.89501953125, 6182.11083984375, 2606.6689453125, 3900.91748046875, 4395.1240234375, 2967.501953125, 3570.81567382812, 4151.82373046875, 3038.43334960938, 3458.3359375, 5305.12451171875, 4697.7978515625, 2985.21337890625, 3458.3359375, 5339.72314453125, 4581.0380859375, 3079.79150390625, 3045.12866210938),3370.52035993006,0.235068594635427
"45",4200,5040,3,1,2,0,1,0,1,0,1,0,4824.12009641762,c(7385.4970703125, 8100.744140625, 8270.431640625, 5498.6416015625, 9006.263671875, 8270.431640625, 6620.0009765625, 6182.11083984375, 8270.431640625, 8270.431640625, 8270.431640625, 4868.2470703125, 6130.02587890625, 7272.7060546875, 5044.109375, 6188.60107421875, 6369.54541015625, 6544.189453125, 5464.50390625, 5059.8935546875, 8270.431640625, 4879.142578125, 4507.38671875, 4658.6650390625, 4891.2802734375, 6140.3251953125, 7322.52783203125, 4744.4365234375, 5683.4296875, 4438.51171875, 4043.94067382812, 
4154.4091796875, 5041.33203125, 4033.04516601562, 3458.3359375, 5708.98876953125, 3862.599609375, 3933.03735351562, 3045.12866210938, 4043.94067382812, 3570.81567382812, 3900.91748046875, 3079.79150390625, 3500.53735351562, 4868.2470703125, 4658.6650390625, 3130.18579101562, 4543.0126953125, 4043.94067382812, 5498.6416015625, 5698.56005859375, 4448.55224609375, 3079.79150390625, 3458.3359375, 3621.3759765625, 4543.0126953125, 4973.15966796875, 3458.3359375, 4581.0380859375, 3518.25170898438, 4756.00537109375, 
5708.98876953125, 4043.94067382812, 3389.4765625, 2985.21337890625, 3079.79150390625, 2790.89501953125, 6182.11083984375, 2606.6689453125, 3900.91748046875, 4395.1240234375, 2967.501953125, 3570.81567382812, 4151.82373046875, 3038.43334960938, 3458.3359375, 5305.12451171875, 4697.7978515625, 2985.21337890625, 3458.3359375, 5339.72314453125, 4581.0380859375, 3079.79150390625, 3045.12866210938),5060.86843270552,0.250242607703105
"46",4200,3640,3,2,2,0,1,0,1,0,0,0,3936.36697587811,c(7385.4970703125, 8100.744140625, 8270.431640625, 5498.6416015625, 9006.263671875, 8270.431640625, 6620.0009765625, 6182.11083984375, 8270.431640625, 8270.431640625, 8270.431640625, 4868.2470703125, 6130.02587890625, 7272.7060546875, 5044.109375, 6188.60107421875, 6369.54541015625, 6544.189453125, 5464.50390625, 5059.8935546875, 8270.431640625, 4879.142578125, 4507.38671875, 4658.6650390625, 4891.2802734375, 6140.3251953125, 7322.52783203125, 4744.4365234375, 5683.4296875, 4438.51171875, 4043.94067382812, 
4154.4091796875, 5041.33203125, 4033.04516601562, 3458.3359375, 5708.98876953125, 3862.599609375, 3933.03735351562, 3045.12866210938, 4043.94067382812, 3570.81567382812, 3900.91748046875, 3079.79150390625, 3500.53735351562, 4868.2470703125, 4658.6650390625, 3130.18579101562, 4543.0126953125, 4043.94067382812, 5498.6416015625, 5698.56005859375, 4448.55224609375, 3079.79150390625, 3458.3359375, 3621.3759765625, 4543.0126953125, 4973.15966796875, 3458.3359375, 4581.0380859375, 3518.25170898438, 4756.00537109375, 
5708.98876953125, 4043.94067382812, 3389.4765625, 2985.21337890625, 3079.79150390625, 2790.89501953125, 6182.11083984375, 2606.6689453125, 3900.91748046875, 4395.1240234375, 2967.501953125, 3570.81567382812, 4151.82373046875, 3038.43334960938, 3458.3359375, 5305.12451171875, 4697.7978515625, 2985.21337890625, 3458.3359375, 5339.72314453125, 4581.0380859375, 3079.79150390625, 3045.12866210938),4781.56658468561,0.250242607703105
"47",4200,4500,3,1,1,0,1,0,1,0,0,0,4496.70770794625,c(7385.4970703125, 8100.744140625, 8270.431640625, 5498.6416015625, 9006.263671875, 8270.431640625, 6620.0009765625, 6182.11083984375, 8270.431640625, 8270.431640625, 8270.431640625, 4868.2470703125, 6130.02587890625, 7272.7060546875, 5044.109375, 6188.60107421875, 6369.54541015625, 6544.189453125, 5464.50390625, 5059.8935546875, 8270.431640625, 4879.142578125, 4507.38671875, 4658.6650390625, 4891.2802734375, 6140.3251953125, 7322.52783203125, 4744.4365234375, 5683.4296875, 4438.51171875, 4043.94067382812, 
4154.4091796875, 5041.33203125, 4033.04516601562, 3458.3359375, 5708.98876953125, 3862.599609375, 3933.03735351562, 3045.12866210938, 4043.94067382812, 3570.81567382812, 3900.91748046875, 3079.79150390625, 3500.53735351562, 4868.2470703125, 4658.6650390625, 3130.18579101562, 4543.0126953125, 4043.94067382812, 5498.6416015625, 5698.56005859375, 4448.55224609375, 3079.79150390625, 3458.3359375, 3621.3759765625, 4543.0126953125, 4973.15966796875, 3458.3359375, 4581.0380859375, 3518.25170898438, 4756.00537109375, 
5708.98876953125, 4043.94067382812, 3389.4765625, 2985.21337890625, 3079.79150390625, 2790.89501953125, 6182.11083984375, 2606.6689453125, 3900.91748046875, 4395.1240234375, 2967.501953125, 3570.81567382812, 4151.82373046875, 3038.43334960938, 3458.3359375, 5305.12451171875, 4697.7978515625, 2985.21337890625, 3458.3359375, 5339.72314453125, 4581.0380859375, 3079.79150390625, 3045.12866210938),3535.49445079643,0.222380126019106
"48",4193,8250,3,1,1,3,1,0,1,0,0,0,6381.42376072566,c(7385.4970703125, 8100.744140625, 8270.431640625, 5498.6416015625, 9006.263671875, 8270.431640625, 6620.0009765625, 6182.11083984375, 8270.431640625, 8270.431640625, 8270.431640625, 4868.2470703125, 6130.02587890625, 7272.7060546875, 5044.109375, 6188.60107421875, 6369.54541015625, 6544.189453125, 5464.50390625, 5059.8935546875, 8270.431640625, 4879.142578125, 4507.38671875, 4658.6650390625, 4891.2802734375, 6140.3251953125, 7322.52783203125, 4744.4365234375, 5683.4296875, 4438.51171875, 4043.94067382812, 
4154.4091796875, 5041.33203125, 4033.04516601562, 3458.3359375, 5708.98876953125, 3862.599609375, 3933.03735351562, 3045.12866210938, 4043.94067382812, 3570.81567382812, 3900.91748046875, 3079.79150390625, 3500.53735351562, 4868.2470703125, 4658.6650390625, 3130.18579101562, 4543.0126953125, 4043.94067382812, 5498.6416015625, 5698.56005859375, 4448.55224609375, 3079.79150390625, 3458.3359375, 3621.3759765625, 4543.0126953125, 4973.15966796875, 3458.3359375, 4581.0380859375, 3518.25170898438, 4756.00537109375, 
5708.98876953125, 4043.94067382812, 3389.4765625, 2985.21337890625, 3079.79150390625, 2790.89501953125, 6182.11083984375, 2606.6689453125, 3900.91748046875, 4395.1240234375, 2967.501953125, 3570.81567382812, 4151.82373046875, 3038.43334960938, 3458.3359375, 5305.12451171875, 4697.7978515625, 2985.21337890625, 3458.3359375, 5339.72314453125, 4581.0380859375, 3079.79150390625, 3045.12866210938),4991.14819373498,0.221758721034066
"49",4165,4840,3,1,2,1,1,0,0,0,0,0,4705.0536082606,c(7385.4970703125, 8100.744140625, 8270.431640625, 5498.6416015625, 9006.263671875, 8270.431640625, 6620.0009765625, 6182.11083984375, 8270.431640625, 8270.431640625, 8270.431640625, 4868.2470703125, 6130.02587890625, 7272.7060546875, 5044.109375, 6188.60107421875, 6369.54541015625, 6544.189453125, 5464.50390625, 5059.8935546875, 8270.431640625, 4879.142578125, 4507.38671875, 4658.6650390625, 4891.2802734375, 6140.3251953125, 7322.52783203125, 4744.4365234375, 5683.4296875, 4438.51171875, 4043.94067382812, 
4154.4091796875, 5041.33203125, 4033.04516601562, 3458.3359375, 5708.98876953125, 3862.599609375, 3933.03735351562, 3045.12866210938, 4043.94067382812, 3570.81567382812, 3900.91748046875, 3079.79150390625, 3500.53735351562, 4868.2470703125, 4658.6650390625, 3130.18579101562, 4543.0126953125, 4043.94067382812, 5498.6416015625, 5698.56005859375, 4448.55224609375, 3079.79150390625, 3458.3359375, 3621.3759765625, 4543.0126953125, 4973.15966796875, 3458.3359375, 4581.0380859375, 3518.25170898438, 4756.00537109375, 
5708.98876953125, 4043.94067382812, 3389.4765625, 2985.21337890625, 3079.79150390625, 2790.89501953125, 6182.11083984375, 2606.6689453125, 3900.91748046875, 4395.1240234375, 2967.501953125, 3570.81567382812, 4151.82373046875, 3038.43334960938, 3458.3359375, 5305.12451171875, 4697.7978515625, 2985.21337890625, 3458.3359375, 5339.72314453125, 4581.0380859375, 3079.79150390625, 3045.12866210938),4107.27158436354,0.246883381416776
"50",4060,5900,4,2,2,1,0,0,1,0,0,0,5306.64845355459,c(7385.4970703125, 8100.744140625, 8270.431640625, 5498.6416015625, 9006.263671875, 8270.431640625, 6620.0009765625, 6182.11083984375, 8270.431640625, 8270.431640625, 8270.431640625, 4868.2470703125, 6130.02587890625, 7272.7060546875, 5044.109375, 6188.60107421875, 6369.54541015625, 6544.189453125, 5464.50390625, 5059.8935546875, 8270.431640625, 4879.142578125, 4507.38671875, 4658.6650390625, 4891.2802734375, 6140.3251953125, 7322.52783203125, 4744.4365234375, 5683.4296875, 4438.51171875, 4043.94067382812, 
4154.4091796875, 5041.33203125, 4033.04516601562, 3458.3359375, 5708.98876953125, 3862.599609375, 3933.03735351562, 3045.12866210938, 4043.94067382812, 3570.81567382812, 3900.91748046875, 3079.79150390625, 3500.53735351562, 4868.2470703125, 4658.6650390625, 3130.18579101562, 4543.0126953125, 4043.94067382812, 5498.6416015625, 5698.56005859375, 4448.55224609375, 3079.79150390625, 3458.3359375, 3621.3759765625, 4543.0126953125, 4973.15966796875, 3458.3359375, 4581.0380859375, 3518.25170898438, 4756.00537109375, 
5708.98876953125, 4043.94067382812, 3389.4765625, 2985.21337890625, 3079.79150390625, 2790.89501953125, 6182.11083984375, 2606.6689453125, 3900.91748046875, 4395.1240234375, 2967.501953125, 3570.81567382812, 4151.82373046875, 3038.43334960938, 3458.3359375, 5305.12451171875, 4697.7978515625, 2985.21337890625, 3458.3359375, 5339.72314453125, 4581.0380859375, 3079.79150390625, 3045.12866210938),5658.84057376324,0.236988838755161
"51",3990,6480,3,1,2,1,0,0,0,0,1,0,5605.08581088345,c(7385.4970703125, 8100.744140625, 8270.431640625, 5498.6416015625, 9006.263671875, 8270.431640625, 6620.0009765625, 6182.11083984375, 8270.431640625, 8270.431640625, 8270.431640625, 4868.2470703125, 6130.02587890625, 7272.7060546875, 5044.109375, 6188.60107421875, 6369.54541015625, 6544.189453125, 5464.50390625, 5059.8935546875, 8270.431640625, 4879.142578125, 4507.38671875, 4658.6650390625, 4891.2802734375, 6140.3251953125, 7322.52783203125, 4744.4365234375, 5683.4296875, 4438.51171875, 4043.94067382812, 
4154.4091796875, 5041.33203125, 4033.04516601562, 3458.3359375, 5708.98876953125, 3862.599609375, 3933.03735351562, 3045.12866210938, 4043.94067382812, 3570.81567382812, 3900.91748046875, 3079.79150390625, 3500.53735351562, 4868.2470703125, 4658.6650390625, 3130.18579101562, 4543.0126953125, 4043.94067382812, 5498.6416015625, 5698.56005859375, 4448.55224609375, 3079.79150390625, 3458.3359375, 3621.3759765625, 4543.0126953125, 4973.15966796875, 3458.3359375, 4581.0380859375, 3518.25170898438, 4756.00537109375, 
5708.98876953125, 4043.94067382812, 3389.4765625, 2985.21337890625, 3079.79150390625, 2790.89501953125, 6182.11083984375, 2606.6689453125, 3900.91748046875, 4395.1240234375, 2967.501953125, 3570.81567382812, 4151.82373046875, 3038.43334960938, 3458.3359375, 5305.12451171875, 4697.7978515625, 2985.21337890625, 3458.3359375, 5339.72314453125, 4581.0380859375, 3079.79150390625, 3045.12866210938),5619.83946999392,0.230546131915605
"52",3920,5500,4,1,2,0,1,1,1,0,0,0,5088.16245562848,c(7385.4970703125, 8100.744140625, 8270.431640625, 5498.6416015625, 9006.263671875, 8270.431640625, 6620.0009765625, 6182.11083984375, 8270.431640625, 8270.431640625, 8270.431640625, 4868.2470703125, 6130.02587890625, 7272.7060546875, 5044.109375, 6188.60107421875, 6369.54541015625, 6544.189453125, 5464.50390625, 5059.8935546875, 8270.431640625, 4879.142578125, 4507.38671875, 4658.6650390625, 4891.2802734375, 6140.3251953125, 7322.52783203125, 4744.4365234375, 5683.4296875, 4438.51171875, 4043.94067382812, 
4154.4091796875, 5041.33203125, 4033.04516601562, 3458.3359375, 5708.98876953125, 3862.599609375, 3933.03735351562, 3045.12866210938, 4043.94067382812, 3570.81567382812, 3900.91748046875, 3079.79150390625, 3500.53735351562, 4868.2470703125, 4658.6650390625, 3130.18579101562, 4543.0126953125, 4043.94067382812, 5498.6416015625, 5698.56005859375, 4448.55224609375, 3079.79150390625, 3458.3359375, 3621.3759765625, 4543.0126953125, 4973.15966796875, 3458.3359375, 4581.0380859375, 3518.25170898438, 4756.00537109375, 
5708.98876953125, 4043.94067382812, 3389.4765625, 2985.21337890625, 3079.79150390625, 2790.89501953125, 6182.11083984375, 2606.6689453125, 3900.91748046875, 4395.1240234375, 2967.501953125, 3570.81567382812, 4151.82373046875, 3038.43334960938, 3458.3359375, 5305.12451171875, 4697.7978515625, 2985.21337890625, 3458.3359375, 5339.72314453125, 4581.0380859375, 3079.79150390625, 3045.12866210938),4363.46664312072,0.224227103144433
"53",3850,2015,3,1,2,0,1,0,1,0,0,1,2747.09520369,c(7385.4970703125, 8100.744140625, 8270.431640625, 5498.6416015625, 9006.263671875, 8270.431640625, 6620.0009765625, 6182.11083984375, 8270.431640625, 8270.431640625, 8270.431640625, 4868.2470703125, 6130.02587890625, 7272.7060546875, 5044.109375, 6188.60107421875, 6369.54541015625, 6544.189453125, 5464.50390625, 5059.8935546875, 8270.431640625, 4879.142578125, 4507.38671875, 4658.6650390625, 4891.2802734375, 6140.3251953125, 7322.52783203125, 4744.4365234375, 5683.4296875, 4438.51171875, 4043.94067382812, 
4154.4091796875, 5041.33203125, 4033.04516601562, 3458.3359375, 5708.98876953125, 3862.599609375, 3933.03735351562, 3045.12866210938, 4043.94067382812, 3570.81567382812, 3900.91748046875, 3079.79150390625, 3500.53735351562, 4868.2470703125, 4658.6650390625, 3130.18579101562, 4543.0126953125, 4043.94067382812, 5498.6416015625, 5698.56005859375, 4448.55224609375, 3079.79150390625, 3458.3359375, 3621.3759765625, 4543.0126953125, 4973.15966796875, 3458.3359375, 4581.0380859375, 3518.25170898438, 4756.00537109375, 
5708.98876953125, 4043.94067382812, 3389.4765625, 2985.21337890625, 3079.79150390625, 2790.89501953125, 6182.11083984375, 2606.6689453125, 3900.91748046875, 4395.1240234375, 2967.501953125, 3570.81567382812, 4151.82373046875, 3038.43334960938, 3458.3359375, 5305.12451171875, 4697.7978515625, 2985.21337890625, 3458.3359375, 5339.72314453125, 4581.0380859375, 3079.79150390625, 3045.12866210938),3010.6790980165,0.218032195031431
"54",3780,3420,2,1,2,1,1,0,0,1,0,0,3785.34616556348,c(7385.4970703125, 8100.744140625, 8270.431640625, 5498.6416015625, 9006.263671875, 8270.431640625, 6620.0009765625, 6182.11083984375, 8270.431640625, 8270.431640625, 8270.431640625, 4868.2470703125, 6130.02587890625, 7272.7060546875, 5044.109375, 6188.60107421875, 6369.54541015625, 6544.189453125, 5464.50390625, 5059.8935546875, 8270.431640625, 4879.142578125, 4507.38671875, 4658.6650390625, 4891.2802734375, 6140.3251953125, 7322.52783203125, 4744.4365234375, 5683.4296875, 4438.51171875, 4043.94067382812, 
4154.4091796875, 5041.33203125, 4033.04516601562, 3458.3359375, 5708.98876953125, 3862.599609375, 3933.03735351562, 3045.12866210938, 4043.94067382812, 3570.81567382812, 3900.91748046875, 3079.79150390625, 3500.53735351562, 4868.2470703125, 4658.6650390625, 3130.18579101562, 4543.0126953125, 4043.94067382812, 5498.6416015625, 5698.56005859375, 4448.55224609375, 3079.79150390625, 3458.3359375, 3621.3759765625, 4543.0126953125, 4973.15966796875, 3458.3359375, 4581.0380859375, 3518.25170898438, 4756.00537109375, 
5708.98876953125, 4043.94067382812, 3389.4765625, 2985.21337890625, 3079.79150390625, 2790.89501953125, 6182.11083984375, 2606.6689453125, 3900.91748046875, 4395.1240234375, 2967.501953125, 3570.81567382812, 4151.82373046875, 3038.43334960938, 3458.3359375, 5305.12451171875, 4697.7978515625, 2985.21337890625, 3458.3359375, 5339.72314453125, 4581.0380859375, 3079.79150390625, 3045.12866210938),3556.06403370414,0.211961675565572
"55",3780,2856,3,1,3,0,1,0,0,0,0,1,3383.89520102958,c(7385.4970703125, 8100.744140625, 8270.431640625, 5498.6416015625, 9006.263671875, 8270.431640625, 6620.0009765625, 6182.11083984375, 8270.431640625, 8270.431640625, 8270.431640625, 4868.2470703125, 6130.02587890625, 7272.7060546875, 5044.109375, 6188.60107421875, 6369.54541015625, 6544.189453125, 5464.50390625, 5059.8935546875, 8270.431640625, 4879.142578125, 4507.38671875, 4658.6650390625, 4891.2802734375, 6140.3251953125, 7322.52783203125, 4744.4365234375, 5683.4296875, 4438.51171875, 4043.94067382812, 
4154.4091796875, 5041.33203125, 4033.04516601562, 3458.3359375, 5708.98876953125, 3862.599609375, 3933.03735351562, 3045.12866210938, 4043.94067382812, 3570.81567382812, 3900.91748046875, 3079.79150390625, 3500.53735351562, 4868.2470703125, 4658.6650390625, 3130.18579101562, 4543.0126953125, 4043.94067382812, 5498.6416015625, 5698.56005859375, 4448.55224609375, 3079.79150390625, 3458.3359375, 3621.3759765625, 4543.0126953125, 4973.15966796875, 3458.3359375, 4581.0380859375, 3518.25170898438, 4756.00537109375, 
5708.98876953125, 4043.94067382812, 3389.4765625, 2985.21337890625, 3079.79150390625, 2790.89501953125, 6182.11083984375, 2606.6689453125, 3900.91748046875, 4395.1240234375, 2967.501953125, 3570.81567382812, 4151.82373046875, 3038.43334960938, 3458.3359375, 5305.12451171875, 4697.7978515625, 2985.21337890625, 3458.3359375, 5339.72314453125, 4581.0380859375, 3079.79150390625, 3045.12866210938),3776.9315716402,0.238919869635828
"56",3773,8250,3,1,1,2,1,0,0,0,0,0,6381.42376072566,c(7385.4970703125, 8100.744140625, 8270.431640625, 5498.6416015625, 9006.263671875, 8270.431640625, 6620.0009765625, 6182.11083984375, 8270.431640625, 8270.431640625, 8270.431640625, 4868.2470703125, 6130.02587890625, 7272.7060546875, 5044.109375, 6188.60107421875, 6369.54541015625, 6544.189453125, 5464.50390625, 5059.8935546875, 8270.431640625, 4879.142578125, 4507.38671875, 4658.6650390625, 4891.2802734375, 6140.3251953125, 7322.52783203125, 4744.4365234375, 5683.4296875, 4438.51171875, 4043.94067382812, 
4154.4091796875, 5041.33203125, 4033.04516601562, 3458.3359375, 5708.98876953125, 3862.599609375, 3933.03735351562, 3045.12866210938, 4043.94067382812, 3570.81567382812, 3900.91748046875, 3079.79150390625, 3500.53735351562, 4868.2470703125, 4658.6650390625, 3130.18579101562, 4543.0126953125, 4043.94067382812, 5498.6416015625, 5698.56005859375, 4448.55224609375, 3079.79150390625, 3458.3359375, 3621.3759765625, 4543.0126953125, 4973.15966796875, 3458.3359375, 4581.0380859375, 3518.25170898438, 4756.00537109375, 
5708.98876953125, 4043.94067382812, 3389.4765625, 2985.21337890625, 3079.79150390625, 2790.89501953125, 6182.11083984375, 2606.6689453125, 3900.91748046875, 4395.1240234375, 2967.501953125, 3570.81567382812, 4151.82373046875, 3038.43334960938, 3458.3359375, 5305.12451171875, 4697.7978515625, 2985.21337890625, 3458.3359375, 5339.72314453125, 4581.0380859375, 3079.79150390625, 3045.12866210938),4991.14819373498,0.186749794177082
"57",3710,6020,3,1,1,0,1,0,0,0,0,0,5370.17785251892,c(7385.4970703125, 8100.744140625, 8270.431640625, 5498.6416015625, 9006.263671875, 8270.431640625, 6620.0009765625, 6182.11083984375, 8270.431640625, 8270.431640625, 8270.431640625, 4868.2470703125, 6130.02587890625, 7272.7060546875, 5044.109375, 6188.60107421875, 6369.54541015625, 6544.189453125, 5464.50390625, 5059.8935546875, 8270.431640625, 4879.142578125, 4507.38671875, 4658.6650390625, 4891.2802734375, 6140.3251953125, 7322.52783203125, 4744.4365234375, 5683.4296875, 4438.51171875, 4043.94067382812, 
4154.4091796875, 5041.33203125, 4033.04516601562, 3458.3359375, 5708.98876953125, 3862.599609375, 3933.03735351562, 3045.12866210938, 4043.94067382812, 3570.81567382812, 3900.91748046875, 3079.79150390625, 3500.53735351562, 4868.2470703125, 4658.6650390625, 3130.18579101562, 4543.0126953125, 4043.94067382812, 5498.6416015625, 5698.56005859375, 4448.55224609375, 3079.79150390625, 3458.3359375, 3621.3759765625, 4543.0126953125, 4973.15966796875, 3458.3359375, 4581.0380859375, 3518.25170898438, 4756.00537109375, 
5708.98876953125, 4043.94067382812, 3389.4765625, 2985.21337890625, 3079.79150390625, 2790.89501953125, 6182.11083984375, 2606.6689453125, 3900.91748046875, 4395.1240234375, 2967.501953125, 3570.81567382812, 4151.82373046875, 3038.43334960938, 3458.3359375, 5305.12451171875, 4697.7978515625, 2985.21337890625, 3458.3359375, 5339.72314453125, 4581.0380859375, 3079.79150390625, 3045.12866210938),4125.51943460086,0.181882891687897
"58",3640,3180,3,1,2,0,0,0,1,0,0,0,3617.02871302015,c(7385.4970703125, 8100.744140625, 8270.431640625, 5498.6416015625, 9006.263671875, 8270.431640625, 6620.0009765625, 6182.11083984375, 8270.431640625, 8270.431640625, 8270.431640625, 4868.2470703125, 6130.02587890625, 7272.7060546875, 5044.109375, 6188.60107421875, 6369.54541015625, 6544.189453125, 5464.50390625, 5059.8935546875, 8270.431640625, 4879.142578125, 4507.38671875, 4658.6650390625, 4891.2802734375, 6140.3251953125, 7322.52783203125, 4744.4365234375, 5683.4296875, 4438.51171875, 4043.94067382812, 
4154.4091796875, 5041.33203125, 4033.04516601562, 3458.3359375, 5708.98876953125, 3862.599609375, 3933.03735351562, 3045.12866210938, 4043.94067382812, 3570.81567382812, 3900.91748046875, 3079.79150390625, 3500.53735351562, 4868.2470703125, 4658.6650390625, 3130.18579101562, 4543.0126953125, 4043.94067382812, 5498.6416015625, 5698.56005859375, 4448.55224609375, 3079.79150390625, 3458.3359375, 3621.3759765625, 4543.0126953125, 4973.15966796875, 3458.3359375, 4581.0380859375, 3518.25170898438, 4756.00537109375, 
5708.98876953125, 4043.94067382812, 3389.4765625, 2985.21337890625, 3079.79150390625, 2790.89501953125, 6182.11083984375, 2606.6689453125, 3900.91748046875, 4395.1240234375, 2967.501953125, 3570.81567382812, 4151.82373046875, 3038.43334960938, 3458.3359375, 5305.12451171875, 4697.7978515625, 2985.21337890625, 3458.3359375, 5339.72314453125, 4581.0380859375, 3079.79150390625, 3045.12866210938),3462.90219415608,0.200194039523809
"59",3640,2850,3,2,2,0,0,0,1,0,0,1,3379.51393183429,c(7385.4970703125, 8100.744140625, 8270.431640625, 5498.6416015625, 9006.263671875, 8270.431640625, 6620.0009765625, 6182.11083984375, 8270.431640625, 8270.431640625, 8270.431640625, 4868.2470703125, 6130.02587890625, 7272.7060546875, 5044.109375, 6188.60107421875, 6369.54541015625, 6544.189453125, 5464.50390625, 5059.8935546875, 8270.431640625, 4879.142578125, 4507.38671875, 4658.6650390625, 4891.2802734375, 6140.3251953125, 7322.52783203125, 4744.4365234375, 5683.4296875, 4438.51171875, 4043.94067382812, 
4154.4091796875, 5041.33203125, 4033.04516601562, 3458.3359375, 5708.98876953125, 3862.599609375, 3933.03735351562, 3045.12866210938, 4043.94067382812, 3570.81567382812, 3900.91748046875, 3079.79150390625, 3500.53735351562, 4868.2470703125, 4658.6650390625, 3130.18579101562, 4543.0126953125, 4043.94067382812, 5498.6416015625, 5698.56005859375, 4448.55224609375, 3079.79150390625, 3458.3359375, 3621.3759765625, 4543.0126953125, 4973.15966796875, 3458.3359375, 4581.0380859375, 3518.25170898438, 4756.00537109375, 
5708.98876953125, 4043.94067382812, 3389.4765625, 2985.21337890625, 3079.79150390625, 2790.89501953125, 6182.11083984375, 2606.6689453125, 3900.91748046875, 4395.1240234375, 2967.501953125, 3570.81567382812, 4151.82373046875, 3038.43334960938, 3458.3359375, 5305.12451171875, 4697.7978515625, 2985.21337890625, 3458.3359375, 5339.72314453125, 4581.0380859375, 3079.79150390625, 3045.12866210938),4474.90886283989,0.200194039523809
"60",3500,3600,6,1,2,1,1,0,0,0,0,0,3909.14130831617,c(7385.4970703125, 8100.744140625, 8270.431640625, 5498.6416015625, 9006.263671875, 8270.431640625, 6620.0009765625, 6182.11083984375, 8270.431640625, 8270.431640625, 8270.431640625, 4868.2470703125, 6130.02587890625, 7272.7060546875, 5044.109375, 6188.60107421875, 6369.54541015625, 6544.189453125, 5464.50390625, 5059.8935546875, 8270.431640625, 4879.142578125, 4507.38671875, 4658.6650390625, 4891.2802734375, 6140.3251953125, 7322.52783203125, 4744.4365234375, 5683.4296875, 4438.51171875, 4043.94067382812, 
4154.4091796875, 5041.33203125, 4033.04516601562, 3458.3359375, 5708.98876953125, 3862.599609375, 3933.03735351562, 3045.12866210938, 4043.94067382812, 3570.81567382812, 3900.91748046875, 3079.79150390625, 3500.53735351562, 4868.2470703125, 4658.6650390625, 3130.18579101562, 4543.0126953125, 4043.94067382812, 5498.6416015625, 5698.56005859375, 4448.55224609375, 3079.79150390625, 3458.3359375, 3621.3759765625, 4543.0126953125, 4973.15966796875, 3458.3359375, 4581.0380859375, 3518.25170898438, 4756.00537109375, 
5708.98876953125, 4043.94067382812, 3389.4765625, 2985.21337890625, 3079.79150390625, 2790.89501953125, 6182.11083984375, 2606.6689453125, 3900.91748046875, 4395.1240234375, 2967.501953125, 3570.81567382812, 4151.82373046875, 3038.43334960938, 3458.3359375, 5305.12451171875, 4697.7978515625, 2985.21337890625, 3458.3359375, 5339.72314453125, 4581.0380859375, 3079.79150390625, 3045.12866210938),3625.93541336519,0.188923092015738
"61",3500,7350,2,1,1,1,1,0,0,0,0,0,6011.97759813271,c(7385.4970703125, 8100.744140625, 8270.431640625, 5498.6416015625, 9006.263671875, 8270.431640625, 6620.0009765625, 6182.11083984375, 8270.431640625, 8270.431640625, 8270.431640625, 4868.2470703125, 6130.02587890625, 7272.7060546875, 5044.109375, 6188.60107421875, 6369.54541015625, 6544.189453125, 5464.50390625, 5059.8935546875, 8270.431640625, 4879.142578125, 4507.38671875, 4658.6650390625, 4891.2802734375, 6140.3251953125, 7322.52783203125, 4744.4365234375, 5683.4296875, 4438.51171875, 4043.94067382812, 
4154.4091796875, 5041.33203125, 4033.04516601562, 3458.3359375, 5708.98876953125, 3862.599609375, 3933.03735351562, 3045.12866210938, 4043.94067382812, 3570.81567382812, 3900.91748046875, 3079.79150390625, 3500.53735351562, 4868.2470703125, 4658.6650390625, 3130.18579101562, 4543.0126953125, 4043.94067382812, 5498.6416015625, 5698.56005859375, 4448.55224609375, 3079.79150390625, 3458.3359375, 3621.3759765625, 4543.0126953125, 4973.15966796875, 3458.3359375, 4581.0380859375, 3518.25170898438, 4756.00537109375, 
5708.98876953125, 4043.94067382812, 3389.4765625, 2985.21337890625, 3079.79150390625, 2790.89501953125, 6182.11083984375, 2606.6689453125, 3900.91748046875, 4395.1240234375, 2967.501953125, 3570.81567382812, 4151.82373046875, 3038.43334960938, 3458.3359375, 5305.12451171875, 4697.7978515625, 2985.21337890625, 3458.3359375, 5339.72314453125, 4581.0380859375, 3079.79150390625, 3045.12866210938),4641.79129542973,0.166373016741947
"62",3500,12944,3,1,1,0,1,0,0,0,0,0,7459.77924125718,c(7385.4970703125, 8100.744140625, 8270.431640625, 5498.6416015625, 9006.263671875, 8270.431640625, 6620.0009765625, 6182.11083984375, 8270.431640625, 8270.431640625, 8270.431640625, 4868.2470703125, 6130.02587890625, 7272.7060546875, 5044.109375, 6188.60107421875, 6369.54541015625, 6544.189453125, 5464.50390625, 5059.8935546875, 8270.431640625, 4879.142578125, 4507.38671875, 4658.6650390625, 4891.2802734375, 6140.3251953125, 7322.52783203125, 4744.4365234375, 5683.4296875, 4438.51171875, 4043.94067382812, 
4154.4091796875, 5041.33203125, 4033.04516601562, 3458.3359375, 5708.98876953125, 3862.599609375, 3933.03735351562, 3045.12866210938, 4043.94067382812, 3570.81567382812, 3900.91748046875, 3079.79150390625, 3500.53735351562, 4868.2470703125, 4658.6650390625, 3130.18579101562, 4543.0126953125, 4043.94067382812, 5498.6416015625, 5698.56005859375, 4448.55224609375, 3079.79150390625, 3458.3359375, 3621.3759765625, 4543.0126953125, 4973.15966796875, 3458.3359375, 4581.0380859375, 3518.25170898438, 4756.00537109375, 
5708.98876953125, 4043.94067382812, 3389.4765625, 2985.21337890625, 3079.79150390625, 2790.89501953125, 6182.11083984375, 2606.6689453125, 3900.91748046875, 4395.1240234375, 2967.501953125, 3570.81567382812, 4151.82373046875, 3038.43334960938, 3458.3359375, 5305.12451171875, 4697.7978515625, 2985.21337890625, 3458.3359375, 5339.72314453125, 4581.0380859375, 3079.79150390625, 3045.12866210938),6813.23850556259,0.166373016741947
"63",3493,4900,3,1,2,0,0,0,0,0,0,0,4741.0449932249,c(7385.4970703125, 8100.744140625, 8270.431640625, 5498.6416015625, 9006.263671875, 8270.431640625, 6620.0009765625, 6182.11083984375, 8270.431640625, 8270.431640625, 8270.431640625, 4868.2470703125, 6130.02587890625, 7272.7060546875, 5044.109375, 6188.60107421875, 6369.54541015625, 6544.189453125, 5464.50390625, 5059.8935546875, 8270.431640625, 4879.142578125, 4507.38671875, 4658.6650390625, 4891.2802734375, 6140.3251953125, 7322.52783203125, 4744.4365234375, 5683.4296875, 4438.51171875, 4043.94067382812, 
4154.4091796875, 5041.33203125, 4033.04516601562, 3458.3359375, 5708.98876953125, 3862.599609375, 3933.03735351562, 3045.12866210938, 4043.94067382812, 3570.81567382812, 3900.91748046875, 3079.79150390625, 3500.53735351562, 4868.2470703125, 4658.6650390625, 3130.18579101562, 4543.0126953125, 4043.94067382812, 5498.6416015625, 5698.56005859375, 4448.55224609375, 3079.79150390625, 3458.3359375, 3621.3759765625, 4543.0126953125, 4973.15966796875, 3458.3359375, 4581.0380859375, 3518.25170898438, 4756.00537109375, 
5708.98876953125, 4043.94067382812, 3389.4765625, 2985.21337890625, 3079.79150390625, 2790.89501953125, 6182.11083984375, 2606.6689453125, 3900.91748046875, 4395.1240234375, 2967.501953125, 3570.81567382812, 4151.82373046875, 3038.43334960938, 3458.3359375, 5305.12451171875, 4697.7978515625, 2985.21337890625, 3458.3359375, 5339.72314453125, 4581.0380859375, 3079.79150390625, 3045.12866210938),4130.56204425056,0.188372529955133
"64",3430,4000,2,1,1,0,1,0,0,0,0,0,4176.74475221212,c(7385.4970703125, 8100.744140625, 8270.431640625, 5498.6416015625, 9006.263671875, 8270.431640625, 6620.0009765625, 6182.11083984375, 8270.431640625, 8270.431640625, 8270.431640625, 4868.2470703125, 6130.02587890625, 7272.7060546875, 5044.109375, 6188.60107421875, 6369.54541015625, 6544.189453125, 5464.50390625, 5059.8935546875, 8270.431640625, 4879.142578125, 4507.38671875, 4658.6650390625, 4891.2802734375, 6140.3251953125, 7322.52783203125, 4744.4365234375, 5683.4296875, 4438.51171875, 4043.94067382812, 
4154.4091796875, 5041.33203125, 4033.04516601562, 3458.3359375, 5708.98876953125, 3862.599609375, 3933.03735351562, 3045.12866210938, 4043.94067382812, 3570.81567382812, 3900.91748046875, 3079.79150390625, 3500.53735351562, 4868.2470703125, 4658.6650390625, 3130.18579101562, 4543.0126953125, 4043.94067382812, 5498.6416015625, 5698.56005859375, 4448.55224609375, 3079.79150390625, 3458.3359375, 3621.3759765625, 4543.0126953125, 4973.15966796875, 3458.3359375, 4581.0380859375, 3518.25170898438, 4756.00537109375, 
5708.98876953125, 4043.94067382812, 3389.4765625, 2985.21337890625, 3079.79150390625, 2790.89501953125, 6182.11083984375, 2606.6689453125, 3900.91748046875, 4395.1240234375, 2967.501953125, 3570.81567382812, 4151.82373046875, 3038.43334960938, 3458.3359375, 5305.12451171875, 4697.7978515625, 2985.21337890625, 3458.3359375, 5339.72314453125, 4581.0380859375, 3079.79150390625, 3045.12866210938),3341.40728507129,0.161443856616692
"65",3430,3185,2,1,1,2,1,0,0,0,0,0,3620.5732956931,c(7385.4970703125, 8100.744140625, 8270.431640625, 5498.6416015625, 9006.263671875, 8270.431640625, 6620.0009765625, 6182.11083984375, 8270.431640625, 8270.431640625, 8270.431640625, 4868.2470703125, 6130.02587890625, 7272.7060546875, 5044.109375, 6188.60107421875, 6369.54541015625, 6544.189453125, 5464.50390625, 5059.8935546875, 8270.431640625, 4879.142578125, 4507.38671875, 4658.6650390625, 4891.2802734375, 6140.3251953125, 7322.52783203125, 4744.4365234375, 5683.4296875, 4438.51171875, 4043.94067382812, 
4154.4091796875, 5041.33203125, 4033.04516601562, 3458.3359375, 5708.98876953125, 3862.599609375, 3933.03735351562, 3045.12866210938, 4043.94067382812, 3570.81567382812, 3900.91748046875, 3079.79150390625, 3500.53735351562, 4868.2470703125, 4658.6650390625, 3130.18579101562, 4543.0126953125, 4043.94067382812, 5498.6416015625, 5698.56005859375, 4448.55224609375, 3079.79150390625, 3458.3359375, 3621.3759765625, 4543.0126953125, 4973.15966796875, 3458.3359375, 4581.0380859375, 3518.25170898438, 4756.00537109375, 
5708.98876953125, 4043.94067382812, 3389.4765625, 2985.21337890625, 3079.79150390625, 2790.89501953125, 6182.11083984375, 2606.6689453125, 3900.91748046875, 4395.1240234375, 2967.501953125, 3570.81567382812, 4151.82373046875, 3038.43334960938, 3458.3359375, 5305.12451171875, 4697.7978515625, 2985.21337890625, 3458.3359375, 5339.72314453125, 4581.0380859375, 3079.79150390625, 3045.12866210938),3025.04520493931,0.161443856616692
"66",3430,2610,3,1,2,0,1,0,1,0,0,1,3202.35533901639,c(7385.4970703125, 8100.744140625, 8270.431640625, 5498.6416015625, 9006.263671875, 8270.431640625, 6620.0009765625, 6182.11083984375, 8270.431640625, 8270.431640625, 8270.431640625, 4868.2470703125, 6130.02587890625, 7272.7060546875, 5044.109375, 6188.60107421875, 6369.54541015625, 6544.189453125, 5464.50390625, 5059.8935546875, 8270.431640625, 4879.142578125, 4507.38671875, 4658.6650390625, 4891.2802734375, 6140.3251953125, 7322.52783203125, 4744.4365234375, 5683.4296875, 4438.51171875, 4043.94067382812, 
4154.4091796875, 5041.33203125, 4033.04516601562, 3458.3359375, 5708.98876953125, 3862.599609375, 3933.03735351562, 3045.12866210938, 4043.94067382812, 3570.81567382812, 3900.91748046875, 3079.79150390625, 3500.53735351562, 4868.2470703125, 4658.6650390625, 3130.18579101562, 4543.0126953125, 4043.94067382812, 5498.6416015625, 5698.56005859375, 4448.55224609375, 3079.79150390625, 3458.3359375, 3621.3759765625, 4543.0126953125, 4973.15966796875, 3458.3359375, 4581.0380859375, 3518.25170898438, 4756.00537109375, 
5708.98876953125, 4043.94067382812, 3389.4765625, 2985.21337890625, 3079.79150390625, 2790.89501953125, 6182.11083984375, 2606.6689453125, 3900.91748046875, 4395.1240234375, 2967.501953125, 3570.81567382812, 4151.82373046875, 3038.43334960938, 3458.3359375, 5305.12451171875, 4697.7978515625, 2985.21337890625, 3458.3359375, 5339.72314453125, 4581.0380859375, 3079.79150390625, 3045.12866210938),3241.64282522942,0.183472878079749
"67",3353,2700,3,1,1,0,0,0,0,0,0,0,3269.22605179717,c(7385.4970703125, 8100.744140625, 8270.431640625, 5498.6416015625, 9006.263671875, 8270.431640625, 6620.0009765625, 6182.11083984375, 8270.431640625, 8270.431640625, 8270.431640625, 4868.2470703125, 6130.02587890625, 7272.7060546875, 5044.109375, 6188.60107421875, 6369.54541015625, 6544.189453125, 5464.50390625, 5059.8935546875, 8270.431640625, 4879.142578125, 4507.38671875, 4658.6650390625, 4891.2802734375, 6140.3251953125, 7322.52783203125, 4744.4365234375, 5683.4296875, 4438.51171875, 4043.94067382812, 
4154.4091796875, 5041.33203125, 4033.04516601562, 3458.3359375, 5708.98876953125, 3862.599609375, 3933.03735351562, 3045.12866210938, 4043.94067382812, 3570.81567382812, 3900.91748046875, 3079.79150390625, 3500.53735351562, 4868.2470703125, 4658.6650390625, 3130.18579101562, 4543.0126953125, 4043.94067382812, 5498.6416015625, 5698.56005859375, 4448.55224609375, 3079.79150390625, 3458.3359375, 3621.3759765625, 4543.0126953125, 4973.15966796875, 3458.3359375, 4581.0380859375, 3518.25170898438, 4756.00537109375, 
5708.98876953125, 4043.94067382812, 3389.4765625, 2985.21337890625, 3079.79150390625, 2790.89501953125, 6182.11083984375, 2606.6689453125, 3900.91748046875, 4395.1240234375, 2967.501953125, 3570.81567382812, 4151.82373046875, 3038.43334960938, 3458.3359375, 5305.12451171875, 4697.7978515625, 2985.21337890625, 3458.3359375, 5339.72314453125, 4581.0380859375, 3079.79150390625, 3045.12866210938),2836.78065418593,0.156158714159015
"68",3150,9000,3,1,2,2,1,0,0,0,0,0,6649.30685276297,c(7385.4970703125, 8100.744140625, 8270.431640625, 5498.6416015625, 9006.263671875, 8270.431640625, 6620.0009765625, 6182.11083984375, 8270.431640625, 8270.431640625, 8270.431640625, 4868.2470703125, 6130.02587890625, 7272.7060546875, 5044.109375, 6188.60107421875, 6369.54541015625, 6544.189453125, 5464.50390625, 5059.8935546875, 8270.431640625, 4879.142578125, 4507.38671875, 4658.6650390625, 4891.2802734375, 6140.3251953125, 7322.52783203125, 4744.4365234375, 5683.4296875, 4438.51171875, 4043.94067382812, 
4154.4091796875, 5041.33203125, 4033.04516601562, 3458.3359375, 5708.98876953125, 3862.599609375, 3933.03735351562, 3045.12866210938, 4043.94067382812, 3570.81567382812, 3900.91748046875, 3079.79150390625, 3500.53735351562, 4868.2470703125, 4658.6650390625, 3130.18579101562, 4543.0126953125, 4043.94067382812, 5498.6416015625, 5698.56005859375, 4448.55224609375, 3079.79150390625, 3458.3359375, 3621.3759765625, 4543.0126953125, 4973.15966796875, 3458.3359375, 4581.0380859375, 3518.25170898438, 4756.00537109375, 
5708.98876953125, 4043.94067382812, 3389.4765625, 2985.21337890625, 3079.79150390625, 2790.89501953125, 6182.11083984375, 2606.6689453125, 3900.91748046875, 4395.1240234375, 2967.501953125, 3570.81567382812, 4151.82373046875, 3038.43334960938, 3458.3359375, 5305.12451171875, 4697.7978515625, 2985.21337890625, 3458.3359375, 5339.72314453125, 4581.0380859375, 3079.79150390625, 3045.12866210938),5722.0768031967,0.162890743601115
"69",3118.85,2398,3,1,1,0,1,0,0,0,0,1,3042.76878149481,c(7385.4970703125, 8100.744140625, 8270.431640625, 5498.6416015625, 9006.263671875, 8270.431640625, 6620.0009765625, 6182.11083984375, 8270.431640625, 8270.431640625, 8270.431640625, 4868.2470703125, 6130.02587890625, 7272.7060546875, 5044.109375, 6188.60107421875, 6369.54541015625, 6544.189453125, 5464.50390625, 5059.8935546875, 8270.431640625, 4879.142578125, 4507.38671875, 4658.6650390625, 4891.2802734375, 6140.3251953125, 7322.52783203125, 4744.4365234375, 5683.4296875, 4438.51171875, 4043.94067382812, 
4154.4091796875, 5041.33203125, 4033.04516601562, 3458.3359375, 5708.98876953125, 3862.599609375, 3933.03735351562, 3045.12866210938, 4043.94067382812, 3570.81567382812, 3900.91748046875, 3079.79150390625, 3500.53735351562, 4868.2470703125, 4658.6650390625, 3130.18579101562, 4543.0126953125, 4043.94067382812, 5498.6416015625, 5698.56005859375, 4448.55224609375, 3079.79150390625, 3458.3359375, 3621.3759765625, 4543.0126953125, 4973.15966796875, 3458.3359375, 4581.0380859375, 3518.25170898438, 4756.00537109375, 
5708.98876953125, 4043.94067382812, 3389.4765625, 2985.21337890625, 3079.79150390625, 2790.89501953125, 6182.11083984375, 2606.6689453125, 3900.91748046875, 4395.1240234375, 2967.501953125, 3570.81567382812, 4151.82373046875, 3038.43334960938, 3458.3359375, 5305.12451171875, 4697.7978515625, 2985.21337890625, 3458.3359375, 5339.72314453125, 4581.0380859375, 3079.79150390625, 3045.12866210938),2719.55200608794,0.140951133357998
"70",3115,3850,3,1,2,0,1,0,0,0,0,0,4077.60523984579,c(7385.4970703125, 8100.744140625, 8270.431640625, 5498.6416015625, 9006.263671875, 8270.431640625, 6620.0009765625, 6182.11083984375, 8270.431640625, 8270.431640625, 8270.431640625, 4868.2470703125, 6130.02587890625, 7272.7060546875, 5044.109375, 6188.60107421875, 6369.54541015625, 6544.189453125, 5464.50390625, 5059.8935546875, 8270.431640625, 4879.142578125, 4507.38671875, 4658.6650390625, 4891.2802734375, 6140.3251953125, 7322.52783203125, 4744.4365234375, 5683.4296875, 4438.51171875, 4043.94067382812, 
4154.4091796875, 5041.33203125, 4033.04516601562, 3458.3359375, 5708.98876953125, 3862.599609375, 3933.03735351562, 3045.12866210938, 4043.94067382812, 3570.81567382812, 3900.91748046875, 3079.79150390625, 3500.53735351562, 4868.2470703125, 4658.6650390625, 3130.18579101562, 4543.0126953125, 4043.94067382812, 5498.6416015625, 5698.56005859375, 4448.55224609375, 3079.79150390625, 3458.3359375, 3621.3759765625, 4543.0126953125, 4973.15966796875, 3458.3359375, 4581.0380859375, 3518.25170898438, 4756.00537109375, 
5708.98876953125, 4043.94067382812, 3389.4765625, 2985.21337890625, 3079.79150390625, 2790.89501953125, 6182.11083984375, 2606.6689453125, 3900.91748046875, 4395.1240234375, 2967.501953125, 3570.81567382812, 4151.82373046875, 3038.43334960938, 3458.3359375, 5305.12451171875, 4697.7978515625, 2985.21337890625, 3458.3359375, 5339.72314453125, 4581.0380859375, 3079.79150390625, 3045.12866210938),3722.97899622776,0.160453173568071
"71",3080,4960,2,1,1,0,1,0,1,0,1,0,4776.80371660304,c(7385.4970703125, 8100.744140625, 8270.431640625, 5498.6416015625, 9006.263671875, 8270.431640625, 6620.0009765625, 6182.11083984375, 8270.431640625, 8270.431640625, 8270.431640625, 4868.2470703125, 6130.02587890625, 7272.7060546875, 5044.109375, 6188.60107421875, 6369.54541015625, 6544.189453125, 5464.50390625, 5059.8935546875, 8270.431640625, 4879.142578125, 4507.38671875, 4658.6650390625, 4891.2802734375, 6140.3251953125, 7322.52783203125, 4744.4365234375, 5683.4296875, 4438.51171875, 4043.94067382812, 
4154.4091796875, 5041.33203125, 4033.04516601562, 3458.3359375, 5708.98876953125, 3862.599609375, 3933.03735351562, 3045.12866210938, 4043.94067382812, 3570.81567382812, 3900.91748046875, 3079.79150390625, 3500.53735351562, 4868.2470703125, 4658.6650390625, 3130.18579101562, 4543.0126953125, 4043.94067382812, 5498.6416015625, 5698.56005859375, 4448.55224609375, 3079.79150390625, 3458.3359375, 3621.3759765625, 4543.0126953125, 4973.15966796875, 3458.3359375, 4581.0380859375, 3518.25170898438, 4756.00537109375, 
5708.98876953125, 4043.94067382812, 3389.4765625, 2985.21337890625, 3079.79150390625, 2790.89501953125, 6182.11083984375, 2606.6689453125, 3900.91748046875, 4395.1240234375, 2967.501953125, 3570.81567382812, 4151.82373046875, 3038.43334960938, 3458.3359375, 5305.12451171875, 4697.7978515625, 2985.21337890625, 3458.3359375, 5339.72314453125, 4581.0380859375, 3079.79150390625, 3045.12866210938),4590.01662531548,0.138551148066931
"72",3010,2835,2,1,1,0,1,0,0,0,0,0,3368.55057990169,c(7385.4970703125, 8100.744140625, 8270.431640625, 5498.6416015625, 9006.263671875, 8270.431640625, 6620.0009765625, 6182.11083984375, 8270.431640625, 8270.431640625, 8270.431640625, 4868.2470703125, 6130.02587890625, 7272.7060546875, 5044.109375, 6188.60107421875, 6369.54541015625, 6544.189453125, 5464.50390625, 5059.8935546875, 8270.431640625, 4879.142578125, 4507.38671875, 4658.6650390625, 4891.2802734375, 6140.3251953125, 7322.52783203125, 4744.4365234375, 5683.4296875, 4438.51171875, 4043.94067382812, 
4154.4091796875, 5041.33203125, 4033.04516601562, 3458.3359375, 5708.98876953125, 3862.599609375, 3933.03735351562, 3045.12866210938, 4043.94067382812, 3570.81567382812, 3900.91748046875, 3079.79150390625, 3500.53735351562, 4868.2470703125, 4658.6650390625, 3130.18579101562, 4543.0126953125, 4043.94067382812, 5498.6416015625, 5698.56005859375, 4448.55224609375, 3079.79150390625, 3458.3359375, 3621.3759765625, 4543.0126953125, 4973.15966796875, 3458.3359375, 4581.0380859375, 3518.25170898438, 4756.00537109375, 
5708.98876953125, 4043.94067382812, 3389.4765625, 2985.21337890625, 3079.79150390625, 2790.89501953125, 6182.11083984375, 2606.6689453125, 3900.91748046875, 4395.1240234375, 2967.501953125, 3570.81567382812, 4151.82373046875, 3038.43334960938, 3458.3359375, 5305.12451171875, 4697.7978515625, 2985.21337890625, 3458.3359375, 5339.72314453125, 4581.0380859375, 3079.79150390625, 3045.12866210938),2889.18418893172,0.134313462956976
"73",3010,4600,2,1,1,0,1,0,0,0,0,0,4558.76145254163,c(7385.4970703125, 8100.744140625, 8270.431640625, 5498.6416015625, 9006.263671875, 8270.431640625, 6620.0009765625, 6182.11083984375, 8270.431640625, 8270.431640625, 8270.431640625, 4868.2470703125, 6130.02587890625, 7272.7060546875, 5044.109375, 6188.60107421875, 6369.54541015625, 6544.189453125, 5464.50390625, 5059.8935546875, 8270.431640625, 4879.142578125, 4507.38671875, 4658.6650390625, 4891.2802734375, 6140.3251953125, 7322.52783203125, 4744.4365234375, 5683.4296875, 4438.51171875, 4043.94067382812, 
4154.4091796875, 5041.33203125, 4033.04516601562, 3458.3359375, 5708.98876953125, 3862.599609375, 3933.03735351562, 3045.12866210938, 4043.94067382812, 3570.81567382812, 3900.91748046875, 3079.79150390625, 3500.53735351562, 4868.2470703125, 4658.6650390625, 3130.18579101562, 4543.0126953125, 4043.94067382812, 5498.6416015625, 5698.56005859375, 4448.55224609375, 3079.79150390625, 3458.3359375, 3621.3759765625, 4543.0126953125, 4973.15966796875, 3458.3359375, 4581.0380859375, 3518.25170898438, 4756.00537109375, 
5708.98876953125, 4043.94067382812, 3389.4765625, 2985.21337890625, 3079.79150390625, 2790.89501953125, 6182.11083984375, 2606.6689453125, 3900.91748046875, 4395.1240234375, 2967.501953125, 3570.81567382812, 4151.82373046875, 3038.43334960938, 3458.3359375, 5305.12451171875, 4697.7978515625, 2985.21337890625, 3458.3359375, 5339.72314453125, 4581.0380859375, 3079.79150390625, 3045.12866210938),3574.31188394146,0.134313462956976
"74",2975,4352,4,1,2,1,0,0,0,0,0,0,4403.68210888134,c(7385.4970703125, 8100.744140625, 8270.431640625, 5498.6416015625, 9006.263671875, 8270.431640625, 6620.0009765625, 6182.11083984375, 8270.431640625, 8270.431640625, 8270.431640625, 4868.2470703125, 6130.02587890625, 7272.7060546875, 5044.109375, 6188.60107421875, 6369.54541015625, 6544.189453125, 5464.50390625, 5059.8935546875, 8270.431640625, 4879.142578125, 4507.38671875, 4658.6650390625, 4891.2802734375, 6140.3251953125, 7322.52783203125, 4744.4365234375, 5683.4296875, 4438.51171875, 4043.94067382812, 
4154.4091796875, 5041.33203125, 4033.04516601562, 3458.3359375, 5708.98876953125, 3862.599609375, 3933.03735351562, 3045.12866210938, 4043.94067382812, 3570.81567382812, 3900.91748046875, 3079.79150390625, 3500.53735351562, 4868.2470703125, 4658.6650390625, 3130.18579101562, 4543.0126953125, 4043.94067382812, 5498.6416015625, 5698.56005859375, 4448.55224609375, 3079.79150390625, 3458.3359375, 3621.3759765625, 4543.0126953125, 4973.15966796875, 3458.3359375, 4581.0380859375, 3518.25170898438, 4756.00537109375, 
5708.98876953125, 4043.94067382812, 3389.4765625, 2985.21337890625, 3079.79150390625, 2790.89501953125, 6182.11083984375, 2606.6689453125, 3900.91748046875, 4395.1240234375, 2967.501953125, 3570.81567382812, 4151.82373046875, 3038.43334960938, 3458.3359375, 5305.12451171875, 4697.7978515625, 2985.21337890625, 3458.3359375, 5339.72314453125, 4581.0380859375, 3079.79150390625, 3045.12866210938),3917.8425106158,0.150997234530795
"75",2961,3000,2,1,2,0,1,0,0,0,0,0,3488.34767695783,c(7385.4970703125, 8100.744140625, 8270.431640625, 5498.6416015625, 9006.263671875, 8270.431640625, 6620.0009765625, 6182.11083984375, 8270.431640625, 8270.431640625, 8270.431640625, 4868.2470703125, 6130.02587890625, 7272.7060546875, 5044.109375, 6188.60107421875, 6369.54541015625, 6544.189453125, 5464.50390625, 5059.8935546875, 8270.431640625, 4879.142578125, 4507.38671875, 4658.6650390625, 4891.2802734375, 6140.3251953125, 7322.52783203125, 4744.4365234375, 5683.4296875, 4438.51171875, 4043.94067382812, 
4154.4091796875, 5041.33203125, 4033.04516601562, 3458.3359375, 5708.98876953125, 3862.599609375, 3933.03735351562, 3045.12866210938, 4043.94067382812, 3570.81567382812, 3900.91748046875, 3079.79150390625, 3500.53735351562, 4868.2470703125, 4658.6650390625, 3130.18579101562, 4543.0126953125, 4043.94067382812, 5498.6416015625, 5698.56005859375, 4448.55224609375, 3079.79150390625, 3458.3359375, 3621.3759765625, 4543.0126953125, 4973.15966796875, 3458.3359375, 4581.0380859375, 3518.25170898438, 4756.00537109375, 
5708.98876953125, 4043.94067382812, 3389.4765625, 2985.21337890625, 3079.79150390625, 2790.89501953125, 6182.11083984375, 2606.6689453125, 3900.91748046875, 4395.1240234375, 2967.501953125, 3570.81567382812, 4151.82373046875, 3038.43334960938, 3458.3359375, 5305.12451171875, 4697.7978515625, 2985.21337890625, 3458.3359375, 5339.72314453125, 4581.0380859375, 3079.79150390625, 3045.12866210938),3393.03081449503,0.150077288103695
"76",2940,3480,3,1,2,1,0,0,0,0,0,0,3826.84387473388,c(7385.4970703125, 8100.744140625, 8270.431640625, 5498.6416015625, 9006.263671875, 8270.431640625, 6620.0009765625, 6182.11083984375, 8270.431640625, 8270.431640625, 8270.431640625, 4868.2470703125, 6130.02587890625, 7272.7060546875, 5044.109375, 6188.60107421875, 6369.54541015625, 6544.189453125, 5464.50390625, 5059.8935546875, 8270.431640625, 4879.142578125, 4507.38671875, 4658.6650390625, 4891.2802734375, 6140.3251953125, 7322.52783203125, 4744.4365234375, 5683.4296875, 4438.51171875, 4043.94067382812, 
4154.4091796875, 5041.33203125, 4033.04516601562, 3458.3359375, 5708.98876953125, 3862.599609375, 3933.03735351562, 3045.12866210938, 4043.94067382812, 3570.81567382812, 3900.91748046875, 3079.79150390625, 3500.53735351562, 4868.2470703125, 4658.6650390625, 3130.18579101562, 4543.0126953125, 4043.94067382812, 5498.6416015625, 5698.56005859375, 4448.55224609375, 3079.79150390625, 3458.3359375, 3621.3759765625, 4543.0126953125, 4973.15966796875, 3458.3359375, 4581.0380859375, 3518.25170898438, 4756.00537109375, 
5708.98876953125, 4043.94067382812, 3389.4765625, 2985.21337890625, 3079.79150390625, 2790.89501953125, 6182.11083984375, 2606.6689453125, 3900.91748046875, 4395.1240234375, 2967.501953125, 3570.81567382812, 4151.82373046875, 3038.43334960938, 3458.3359375, 5305.12451171875, 4697.7978515625, 2985.21337890625, 3458.3359375, 5339.72314453125, 4581.0380859375, 3079.79150390625, 3045.12866210938),3579.35449359116,0.148706027550387
"77",2730,6800,2,1,1,0,1,0,0,0,0,0,5760.43444113522,c(7385.4970703125, 8100.744140625, 8270.431640625, 5498.6416015625, 9006.263671875, 8270.431640625, 6620.0009765625, 6182.11083984375, 8270.431640625, 8270.431640625, 8270.431640625, 4868.2470703125, 6130.02587890625, 7272.7060546875, 5044.109375, 6188.60107421875, 6369.54541015625, 6544.189453125, 5464.50390625, 5059.8935546875, 8270.431640625, 4879.142578125, 4507.38671875, 4658.6650390625, 4891.2802734375, 6140.3251953125, 7322.52783203125, 4744.4365234375, 5683.4296875, 4438.51171875, 4043.94067382812, 
4154.4091796875, 5041.33203125, 4033.04516601562, 3458.3359375, 5708.98876953125, 3862.599609375, 3933.03735351562, 3045.12866210938, 4043.94067382812, 3570.81567382812, 3900.91748046875, 3079.79150390625, 3500.53735351562, 4868.2470703125, 4658.6650390625, 3130.18579101562, 4543.0126953125, 4043.94067382812, 5498.6416015625, 5698.56005859375, 4448.55224609375, 3079.79150390625, 3458.3359375, 3621.3759765625, 4543.0126953125, 4973.15966796875, 3458.3359375, 4581.0380859375, 3518.25170898438, 4756.00537109375, 
5708.98876953125, 4043.94067382812, 3389.4765625, 2985.21337890625, 3079.79150390625, 2790.89501953125, 6182.11083984375, 2606.6689453125, 3900.91748046875, 4395.1240234375, 2967.501953125, 3570.81567382812, 4151.82373046875, 3038.43334960938, 3458.3359375, 5305.12451171875, 4697.7978515625, 2985.21337890625, 3458.3359375, 5339.72314453125, 4581.0380859375, 3079.79150390625, 3045.12866210938),4428.29541313207,0.118446097949621
"78",2653,4000,3,1,2,0,1,0,0,0,1,0,4176.74475221212,c(7385.4970703125, 8100.744140625, 8270.431640625, 5498.6416015625, 9006.263671875, 8270.431640625, 6620.0009765625, 6182.11083984375, 8270.431640625, 8270.431640625, 8270.431640625, 4868.2470703125, 6130.02587890625, 7272.7060546875, 5044.109375, 6188.60107421875, 6369.54541015625, 6544.189453125, 5464.50390625, 5059.8935546875, 8270.431640625, 4879.142578125, 4507.38671875, 4658.6650390625, 4891.2802734375, 6140.3251953125, 7322.52783203125, 4744.4365234375, 5683.4296875, 4438.51171875, 4043.94067382812, 
4154.4091796875, 5041.33203125, 4033.04516601562, 3458.3359375, 5708.98876953125, 3862.599609375, 3933.03735351562, 3045.12866210938, 4043.94067382812, 3570.81567382812, 3900.91748046875, 3079.79150390625, 3500.53735351562, 4868.2470703125, 4658.6650390625, 3130.18579101562, 4543.0126953125, 4043.94067382812, 5498.6416015625, 5698.56005859375, 4448.55224609375, 3079.79150390625, 3458.3359375, 3621.3759765625, 4543.0126953125, 4973.15966796875, 3458.3359375, 4581.0380859375, 3518.25170898438, 4756.00537109375, 
5708.98876953125, 4043.94067382812, 3389.4765625, 2985.21337890625, 3079.79150390625, 2790.89501953125, 6182.11083984375, 2606.6689453125, 3900.91748046875, 4395.1240234375, 2967.501953125, 3570.81567382812, 4151.82373046875, 3038.43334960938, 3458.3359375, 5305.12451171875, 4697.7978515625, 2985.21337890625, 3458.3359375, 5339.72314453125, 4581.0380859375, 3079.79150390625, 3045.12866210938),4657.16712799723,0.130986454732079
"79",2520,3180,3,1,1,0,0,0,0,0,0,0,3617.02871302015,c(7385.4970703125, 8100.744140625, 8270.431640625, 5498.6416015625, 9006.263671875, 8270.431640625, 6620.0009765625, 6182.11083984375, 8270.431640625, 8270.431640625, 8270.431640625, 4868.2470703125, 6130.02587890625, 7272.7060546875, 5044.109375, 6188.60107421875, 6369.54541015625, 6544.189453125, 5464.50390625, 5059.8935546875, 8270.431640625, 4879.142578125, 4507.38671875, 4658.6650390625, 4891.2802734375, 6140.3251953125, 7322.52783203125, 4744.4365234375, 5683.4296875, 4438.51171875, 4043.94067382812, 
4154.4091796875, 5041.33203125, 4033.04516601562, 3458.3359375, 5708.98876953125, 3862.599609375, 3933.03735351562, 3045.12866210938, 4043.94067382812, 3570.81567382812, 3900.91748046875, 3079.79150390625, 3500.53735351562, 4868.2470703125, 4658.6650390625, 3130.18579101562, 4543.0126953125, 4043.94067382812, 5498.6416015625, 5698.56005859375, 4448.55224609375, 3079.79150390625, 3458.3359375, 3621.3759765625, 4543.0126953125, 4973.15966796875, 3458.3359375, 4581.0380859375, 3518.25170898438, 4756.00537109375, 
5708.98876953125, 4043.94067382812, 3389.4765625, 2985.21337890625, 3079.79150390625, 2790.89501953125, 6182.11083984375, 2606.6689453125, 3900.91748046875, 4395.1240234375, 2967.501953125, 3570.81567382812, 4151.82373046875, 3038.43334960938, 3458.3359375, 5305.12451171875, 4697.7978515625, 2985.21337890625, 3458.3359375, 5339.72314453125, 4581.0380859375, 3079.79150390625, 3045.12866210938),3023.10433328206,0.10763403821123
"80",2450,3210,3,1,2,0,1,0,1,0,0,0,3638.27197347596,c(7385.4970703125, 8100.744140625, 8270.431640625, 5498.6416015625, 9006.263671875, 8270.431640625, 6620.0009765625, 6182.11083984375, 8270.431640625, 8270.431640625, 8270.431640625, 4868.2470703125, 6130.02587890625, 7272.7060546875, 5044.109375, 6188.60107421875, 6369.54541015625, 6544.189453125, 5464.50390625, 5059.8935546875, 8270.431640625, 4879.142578125, 4507.38671875, 4658.6650390625, 4891.2802734375, 6140.3251953125, 7322.52783203125, 4744.4365234375, 5683.4296875, 4438.51171875, 4043.94067382812, 
4154.4091796875, 5041.33203125, 4033.04516601562, 3458.3359375, 5708.98876953125, 3862.599609375, 3933.03735351562, 3045.12866210938, 4043.94067382812, 3570.81567382812, 3900.91748046875, 3079.79150390625, 3500.53735351562, 4868.2470703125, 4658.6650390625, 3130.18579101562, 4543.0126953125, 4043.94067382812, 5498.6416015625, 5698.56005859375, 4448.55224609375, 3079.79150390625, 3458.3359375, 3621.3759765625, 4543.0126953125, 4973.15966796875, 3458.3359375, 4581.0380859375, 3518.25170898438, 4756.00537109375, 
5708.98876953125, 4043.94067382812, 3389.4765625, 2985.21337890625, 3079.79150390625, 2790.89501953125, 6182.11083984375, 2606.6689453125, 3900.91748046875, 4395.1240234375, 2967.501953125, 3570.81567382812, 4151.82373046875, 3038.43334960938, 3458.3359375, 5305.12451171875, 4697.7978515625, 2985.21337890625, 3458.3359375, 5339.72314453125, 4581.0380859375, 3079.79150390625, 3045.12866210938),3474.54742409958,0.119562576013519
"81",2450,7700,2,1,1,0,1,0,0,0,0,0,6161.87157182695,c(7385.4970703125, 8100.744140625, 8270.431640625, 5498.6416015625, 9006.263671875, 8270.431640625, 6620.0009765625, 6182.11083984375, 8270.431640625, 8270.431640625, 8270.431640625, 4868.2470703125, 6130.02587890625, 7272.7060546875, 5044.109375, 6188.60107421875, 6369.54541015625, 6544.189453125, 5464.50390625, 5059.8935546875, 8270.431640625, 4879.142578125, 4507.38671875, 4658.6650390625, 4891.2802734375, 6140.3251953125, 7322.52783203125, 4744.4365234375, 5683.4296875, 4438.51171875, 4043.94067382812, 
4154.4091796875, 5041.33203125, 4033.04516601562, 3458.3359375, 5708.98876953125, 3862.599609375, 3933.03735351562, 3045.12866210938, 4043.94067382812, 3570.81567382812, 3900.91748046875, 3079.79150390625, 3500.53735351562, 4868.2470703125, 4658.6650390625, 3130.18579101562, 4543.0126953125, 4043.94067382812, 5498.6416015625, 5698.56005859375, 4448.55224609375, 3079.79150390625, 3458.3359375, 3621.3759765625, 4543.0126953125, 4973.15966796875, 3458.3359375, 4581.0380859375, 3518.25170898438, 4756.00537109375, 
5708.98876953125, 4043.94067382812, 3389.4765625, 2985.21337890625, 3079.79150390625, 2790.89501953125, 6182.11083984375, 2606.6689453125, 3900.91748046875, 4395.1240234375, 2967.501953125, 3570.81567382812, 4151.82373046875, 3038.43334960938, 3458.3359375, 5305.12451171875, 4697.7978515625, 2985.21337890625, 3458.3359375, 5339.72314453125, 4581.0380859375, 3079.79150390625, 3045.12866210938),4777.65231143733,0.104227563105397
"82",2380,2787,4,2,2,0,1,0,0,0,0,0,3333.37013585118,c(7385.4970703125, 8100.744140625, 8270.431640625, 5498.6416015625, 9006.263671875, 8270.431640625, 6620.0009765625, 6182.11083984375, 8270.431640625, 8270.431640625, 8270.431640625, 4868.2470703125, 6130.02587890625, 7272.7060546875, 5044.109375, 6188.60107421875, 6369.54541015625, 6544.189453125, 5464.50390625, 5059.8935546875, 8270.431640625, 4879.142578125, 4507.38671875, 4658.6650390625, 4891.2802734375, 6140.3251953125, 7322.52783203125, 4744.4365234375, 5683.4296875, 4438.51171875, 4043.94067382812, 
4154.4091796875, 5041.33203125, 4033.04516601562, 3458.3359375, 5708.98876953125, 3862.599609375, 3933.03735351562, 3045.12866210938, 4043.94067382812, 3570.81567382812, 3900.91748046875, 3079.79150390625, 3500.53735351562, 4868.2470703125, 4658.6650390625, 3130.18579101562, 4543.0126953125, 4043.94067382812, 5498.6416015625, 5698.56005859375, 4448.55224609375, 3079.79150390625, 3458.3359375, 3621.3759765625, 4543.0126953125, 4973.15966796875, 3458.3359375, 4581.0380859375, 3518.25170898438, 4756.00537109375, 
5708.98876953125, 4043.94067382812, 3389.4765625, 2985.21337890625, 3079.79150390625, 2790.89501953125, 6182.11083984375, 2606.6689453125, 3900.91748046875, 4395.1240234375, 2967.501953125, 3570.81567382812, 4151.82373046875, 3038.43334960938, 3458.3359375, 5305.12451171875, 4697.7978515625, 2985.21337890625, 3458.3359375, 5339.72314453125, 4581.0380859375, 3079.79150390625, 3045.12866210938),4450.45387995852,0.115827580217746
"83",2100,2400,3,1,2,0,1,0,0,0,0,0,3044.2878869822,c(7385.4970703125, 8100.744140625, 8270.431640625, 5498.6416015625, 9006.263671875, 8270.431640625, 6620.0009765625, 6182.11083984375, 8270.431640625, 8270.431640625, 8270.431640625, 4868.2470703125, 6130.02587890625, 7272.7060546875, 5044.109375, 6188.60107421875, 6369.54541015625, 6544.189453125, 5464.50390625, 5059.8935546875, 8270.431640625, 4879.142578125, 4507.38671875, 4658.6650390625, 4891.2802734375, 6140.3251953125, 7322.52783203125, 4744.4365234375, 5683.4296875, 4438.51171875, 4043.94067382812, 
4154.4091796875, 5041.33203125, 4033.04516601562, 3458.3359375, 5708.98876953125, 3862.599609375, 3933.03735351562, 3045.12866210938, 4043.94067382812, 3570.81567382812, 3900.91748046875, 3079.79150390625, 3500.53735351562, 4868.2470703125, 4658.6650390625, 3130.18579101562, 4543.0126953125, 4043.94067382812, 5498.6416015625, 5698.56005859375, 4448.55224609375, 3079.79150390625, 3458.3359375, 3621.3759765625, 4543.0126953125, 4973.15966796875, 3458.3359375, 4581.0380859375, 3518.25170898438, 4756.00537109375, 
5708.98876953125, 4043.94067382812, 3389.4765625, 2985.21337890625, 3079.79150390625, 2790.89501953125, 6182.11083984375, 2606.6689453125, 3900.91748046875, 4395.1240234375, 2967.501953125, 3570.81567382812, 4151.82373046875, 3038.43334960938, 3458.3359375, 5305.12451171875, 4697.7978515625, 2985.21337890625, 3458.3359375, 5339.72314453125, 4581.0380859375, 3079.79150390625, 3045.12866210938),3160.12621562486,0.101887048581092
"84",1890,3649,2,1,1,0,1,0,0,0,0,0,3942.47850055739,c(7385.4970703125, 8100.744140625, 8270.431640625, 5498.6416015625, 9006.263671875, 8270.431640625, 6620.0009765625, 6182.11083984375, 8270.431640625, 8270.431640625, 8270.431640625, 4868.2470703125, 6130.02587890625, 7272.7060546875, 5044.109375, 6188.60107421875, 6369.54541015625, 6544.189453125, 5464.50390625, 5059.8935546875, 8270.431640625, 4879.142578125, 4507.38671875, 4658.6650390625, 4891.2802734375, 6140.3251953125, 7322.52783203125, 4744.4365234375, 5683.4296875, 4438.51171875, 4043.94067382812, 
4154.4091796875, 5041.33203125, 4033.04516601562, 3458.3359375, 5708.98876953125, 3862.599609375, 3933.03735351562, 3045.12866210938, 4043.94067382812, 3570.81567382812, 3900.91748046875, 3079.79150390625, 3500.53735351562, 4868.2470703125, 4658.6650390625, 3130.18579101562, 4543.0126953125, 4043.94067382812, 5498.6416015625, 5698.56005859375, 4448.55224609375, 3079.79150390625, 3458.3359375, 3621.3759765625, 4543.0126953125, 4973.15966796875, 3458.3359375, 4581.0380859375, 3518.25170898438, 4756.00537109375, 
5708.98876953125, 4043.94067382812, 3389.4765625, 2985.21337890625, 3079.79150390625, 2790.89501953125, 6182.11083984375, 2606.6689453125, 3900.91748046875, 4395.1240234375, 2967.501953125, 3570.81567382812, 4151.82373046875, 3038.43334960938, 3458.3359375, 5305.12451171875, 4697.7978515625, 2985.21337890625, 3458.3359375, 5339.72314453125, 4581.0380859375, 3079.79150390625, 3045.12866210938),3205.15809473224,0.0802560590879451
